-0.133512 
0.304506 
-0.109204 
0.147027 
-0.136036 
-0.147900 
0.222033 
-0.041418 
0.156924 
-0.048316 
-0.051488 
0.089163 
-0.318240 
-0.210801 
-0.092390 
0.150252 
0.019180 
-0.262955 
0.197527 
0.232148 
0.254821 
0.205511 
-0.197348 
0.065642 
-0.373575 
0.084955 
0.168498 
-0.220485 
0.021748 
-0.121751 
0.254818 
-0.237532 
-0.207305 
-0.070859 
0.066365 
0.064320 
0.017824 
0.276202 
0.192401 
-0.242781 
-0.169085 
0.245342 
-0.010729 
-0.122623 
-0.025253 
0.320331 
0.235060 
0.111266 
0.120992 
0.012137 
0.169394 
0.292401 
-0.209513 
0.193611 
-0.110345 
-0.362113 
-0.085925 
0.210925 
-0.209069 
0.182899 
-0.100809 
0.192077 
0.060805 
-0.194838 
-0.002356 
-0.175958 
0.051483 
-0.111854 
0.159945 
-0.119901 
0.052117 
-0.228811 
0.184373 
-0.147395 
0.127756 
0.154338 
0.221107 
-0.178780 
-0.035207 
-0.284014 
-0.178290 
0.033785 
-0.066617 
-0.050940 
-0.117455 
-0.231446 
0.121228 
-0.090204 
0.030215 
-0.299082 
-0.159039 
0.290700 
-0.126618 
-0.050775 
-0.032083 
0.155586 
0.252298 
0.089943 
0.151835 
-0.181538 
0.100033 
0.110921 
0.359745 
0.140881 
-0.239627 
0.030708 
-0.101223 
-0.082249 
-0.215499 
-0.084000 
-0.003152 
0.167248 
-0.208601 
0.044929 
0.123109 
0.184723 
0.392951 
-0.270942 
-0.469555 
-0.289367 
-0.114390 
-0.255358 
-0.123551 
0.281683 
-0.205742 
0.027210 
0.019217 
0.062445 
-0.106328 
0.017698 
0.274593 
-0.171295 
0.136158 
-0.514799 
0.130728 
0.141052 
0.064695 
0.002294 
-0.174881 
-0.046213 
-0.123393 
0.178949 
-0.006122 
0.214657 
0.262114 
-0.276591 
-0.309278 
0.262465 
-0.094703 
0.023028 
0.133144 
0.103576 
-0.084344 
0.106594 
0.213195 
0.088355 
0.210630 
0.096917 
-0.050113 
-0.084605 
0.057892 
-0.128512 
-0.195001 
0.066963 
0.105921 
0.029311 
-0.134040 
0.093561 
-0.174093 
0.141403 
0.151453 
-0.266610 
0.043555 
-0.028416 
0.152810 
0.031430 
0.087859 
0.094166 
-0.110711 
-0.020254 
0.162369 
0.104099 
0.218630 
-0.147941 
0.078019 
0.088824 
-0.472669 
-0.098772 
0.444263 
-0.220302 
-0.021515 
0.201727 
-0.234325 
-0.074909 
-0.071973 
-0.192204 
0.137276 
-0.098111 
-0.072075 
0.260725 
-0.188905 
-0.201480 
0.258003 
-0.174371 
-0.046106 
-0.048614 
-0.088358 
0.232557 
0.022045 
0.076231 
-0.055787 
-0.035117 
-0.302542 
0.198004 
-0.087437 
-0.224321 
-0.026086 
-0.030205 
-0.027337 
-0.040884 
-0.247318 
-0.179278 
-0.344906 
-0.215863 
0.183125 
0.207685 
0.187752 
-0.096359 
-0.104781 
-0.227601 
0.001994 
-0.364543 
-0.094976 
-0.068705 
0.066154 
-0.132117 
-0.258707 
0.373477 
-0.021281 
0.364673 
-0.112849 
0.051695 
0.079517 
0.117431 
-0.107636 
-0.192060 
0.147576 
0.166120 
0.140432 
-0.129109 
-0.015072 
-0.154977 
0.212931 
0.098550 
0.123416 
0.167040 
0.069863 
0.338623 
0.120216 
-0.073941 
0.331938 
0.040130 
-0.053027 
-0.106345 
-0.223163 
-0.065672 
0.261594 
-0.118536 
-0.067976 
0.096316 
0.120240 
0.069022 
-0.034516 
-0.060394 
-0.042616 
-0.103481 
0.161231 
-0.060567 
-0.067371 
-0.222490 
0.033331 
-0.215737 
0.101312 
0.110972 
-0.026179 
0.428406 
-0.188790 
0.064225 
0.309873 
0.248184 
-0.147043 
-0.314051 
0.075305 
0.120805 
-0.062019 
-0.001385 
0.234745 
0.056270 
-0.300423 
-0.204699 
0.216332 
-0.266248 
0.071359 
0.363375 
-0.379891 
0.121799 
0.240927 
-0.363024 
0.072817 
-0.283975 
-0.421517 
0.054939 
0.368726 
0.402371 
0.405869 
0.166360 
0.439491 
-0.246082 
0.435908 
-0.346065 
0.173866 
0.329556 
0.195696 
0.005697 
-0.233031 
0.131810 
-0.066386 
-0.235861 
-0.040559 
0.046484 
-0.082051 
0.219404 
0.070992 
-0.151219 
0.335646 
-0.171304 
0.212125 
-0.029466 
-0.037674 
0.038342 
0.005482 
0.048027 
-0.007228 
-0.269512 
-0.234762 
0.024838 
-0.195089 
0.165148 
-0.283241 
0.064468 
-0.072846 
-0.112641 
-0.128847 
0.451178 
-0.252684 
0.243767 
-0.295020 
0.102282 
0.163498 
0.123583 
0.016894 
-0.053817 
0.187562 
-0.167030 
-0.067282 
0.170692 
-0.104110 
-0.104893 
0.314612 
-0.134852 
0.081597 
-0.197197 
0.228558 
-0.152237 
0.046704 
0.307269 
0.273711 
0.207415 
-0.230496 
0.172364 
-0.212986 
0.205705 
-0.030487 
-0.154646 
0.132694 
-0.400171 
-0.140946 
-0.093297 
0.163705 
0.109683 
0.177035 
0.086217 
-0.065202 
-0.130744 
-0.029848 
-0.064650 
0.378606 
0.275157 
0.091538 
0.318961 
-0.089742 
0.036217 
0.309399 
-0.202779 
0.003144 
0.276237 
0.000995 
-0.320394 
0.072374 
0.088018 
0.261008 
-0.074286 
0.064990 
-0.225048 
-0.291491 
-0.127153 
0.141037 
0.004836 
0.026589 
-0.033557 
0.185146 
0.174259 
-0.068454 
-0.225102 
-0.030900 
-0.336850 
-0.079144 
-0.173870 
-0.159452 
0.050684 
0.011680 
0.076127 
-0.059221 
-0.011814 
-0.183323 
0.073633 
-0.161855 
-0.253753 
-0.197357 
-0.091686 
0.131948 
0.023428 
0.364220 
0.113201 
-0.348800 
0.112031 
-0.225241 
0.079170 
0.368684 
-0.089151 
-0.030969 
0.066390 
0.267186 
-0.214335 
-0.048074 
-0.027948 
-0.184395 
0.065819 
0.209173 
0.013348 
-0.044081 
0.104415 
-0.177889 
0.222795 
0.094287 
0.233835 
0.463024 
0.039894 
-0.401889 
-0.052507 
0.033695 
-0.202002 
-0.245529 
0.064775 
0.055503 
0.167014 
-0.177689 
-0.174147 
-0.336630 
-0.034170 
-0.009139 
0.008531 
0.095673 
-0.007783 
-0.187166 
-0.054219 
0.064986 
0.080312 
0.242779 
0.003849 
-0.002804 
0.279419 
0.109986 
-0.135660 
-0.074386 
-0.132481 
-0.225914 
-0.309705 
-0.113020 
0.451808 
-0.130027 
0.117946 
-0.179937 
-0.131075 
-0.123738 
0.044392 
0.069864 
0.240993 
0.248223 
-0.113876 
-0.136114 
0.049032 
-0.220777 
0.274548 
0.431465 
-0.073609 
-0.138061 
0.053787 
0.258150 
-0.151762 
0.204800 
-0.208984 
-0.221687 
0.112149 
-0.079526 
0.021262 
0.278044 
-0.104128 
-0.093290 
-0.028169 
-0.208963 
-0.073072 
0.399330 
-0.372893 
-0.087332 
0.062364 
0.241729 
0.097452 
0.343356 
0.089547 
-0.132392 
0.152429 
-0.040252 
0.265473 
-0.427289 
-0.119290 
0.201496 
0.092158 
-0.066300 
-0.106071 
0.059554 
0.308316 
0.139014 
0.014685 
0.312361 
0.239212 
0.028994 
0.226898 
0.036904 
0.147486 
-0.121898 
0.199123 
-0.239424 
-0.000736 
-0.202987 
0.229063 
0.196831 
-0.079217 
0.082603 
0.127391 
-0.361459 
-0.008197 
0.248152 
0.087011 
0.127231 
-0.140114 
-0.158026 
0.542749 
-0.123291 
0.222558 
0.114544 
-0.091997 
0.261775 
-0.201459 
-0.364553 
-0.125153 
-0.166219 
0.349681 
0.176896 
0.125430 
-0.097208 
-0.345558 
-0.071293 
0.121178 
0.061775 
-0.099446 
0.070677 
0.137462 
-0.161439 
-0.243964 
-0.441791 
0.091067 
-0.180891 
-0.326015 
-0.003532 
0.044381 
-0.043125 
0.104547 
-0.058982 
0.193415 
0.268860 
-0.085655 
-0.259809 
-0.146239 
0.424814 
-0.166645 
-0.078100 
-0.086688 
-0.254848 
-0.092987 
0.300928 
0.009345 
-0.130606 
-0.007630 
0.065375 
0.106879 
-0.190088 
0.181607 
0.129635 
0.244288 
0.109173 
0.013968 
-0.310262 
0.007603 
0.151967 
-0.244284 
-0.273895 
-0.176960 
-0.131923 
0.056700 
-0.191689 
0.253862 
0.003191 
0.133647 
-0.116060 
0.214086 
0.089134 
0.068754 
0.260004 
0.167722 
0.155067 
0.282288 
0.349091 
0.389649 
0.215182 
0.101030 
0.463684 
0.121210 
-0.025821 
-0.063930 
0.274184 
0.041760 
-0.367303 
0.217473 
-0.089002 
0.005042 
-0.091209 
0.183132 
0.146243 
-0.103547 
-0.058248 
0.050721 
0.203398 
-0.040663 
-0.124335 
-0.074398 
0.144833 
-0.219200 
-0.168064 
0.403421 
-0.191921 
-0.195632 
0.072257 
-0.110951 
-0.022288 
0.074928 
-0.337257 
0.101505 
-0.173761 
0.130499 
0.470372 
0.123304 
0.158252 
0.366130 
-0.096874 
0.242161 
-0.142032 
0.290683 
-0.168470 
0.153146 
-0.043525 
-0.090920 
-0.070844 
-0.272031 
0.064134 
-0.144901 
-0.248732 
-0.088240 
0.384363 
-0.051009 
0.261907 
0.075343 
-0.150321 
0.059656 
-0.004937 
0.047683 
0.321074 
-0.112044 
-0.031454 
-0.012836 
-0.185232 
0.125371 
-0.085215 
-0.076362 
0.252842 
0.091464 
-0.059788 
-0.230867 
0.220736 
0.024946 
0.065136 
0.126136 
-0.046000 
0.059367 
0.043082 
0.213099 
-0.020922 
-0.005453 
-0.336773 
0.235858 
-0.144117 
-0.135208 
0.126412 
-0.074181 
0.037836 
0.195053 
0.113490 
0.230338 
-0.018013 
-0.093221 
-0.184013 
-0.000305 
0.193040 
-0.045415 
0.041887 
0.042374 
-0.172706 
-0.056067 
-0.028840 
-0.019065 
0.012723 
0.127722 
-0.236846 
0.028947 
-0.004500 
-0.087440 
-0.340321 
-0.041384 
-0.014756 
0.043446 
-0.254064 
-0.048784 
0.063393 
-0.004260 
0.178926 
-0.292869 
0.282955 
-0.325550 
0.208726 
0.286094 
0.018065 
0.077087 
-0.029597 
0.073153 
-0.155413 
0.143868 
-0.237950 
0.245987 
-0.011901 
-0.094999 
-0.322905 
0.407812 
-0.148077 
0.077075 
-0.077952 
-0.166995 
0.172343 
-0.100728 
-0.077922 
0.031543 
-0.146473 
-0.100386 
0.026239 
-0.154891 
-0.218791 
-0.118162 
0.061378 
0.334607 
-0.122752 
0.105850 
-0.055108 
-0.136009 
0.277426 
-0.039593 
0.258466 
-0.079929 
-0.003450 
-0.205576 
-0.111734 
0.180485 
0.091084 
0.261439 
0.353433 
0.236135 
0.003126 
0.034225 
-0.043931 
0.201479 
-0.045788 
0.134629 
0.000712 
-0.323799 
0.199483 
-0.134672 
-0.348575 
0.009503 
-0.094670 
0.162735 
0.022384 
-0.074300 
-0.182102 
-0.117586 
0.378139 
-0.089629 
-0.285227 
0.026012 
0.185261 
-0.147647 
0.060592 
0.037150 
-0.155456 
-0.095767 
0.073858 
0.141319 
0.247033 
0.281449 
0.181926 
0.054847 
-0.016113 
-0.300902 
0.248579 
-0.271016 
-0.034540 
-0.142131 
-0.189867 
-0.298217 
0.251042 
0.208762 
-0.000482 
0.191180 
-0.022443 
-0.120691 
-0.104544 
-0.504548 
0.069600 
-0.171682 
-0.279958 
0.047693 
0.056761 
-0.322727 
0.091407 
0.029514 
-0.113928 
0.025587 
-0.173507 
0.079507 
-0.011385 
-0.272200 
0.164540 
0.480816 
-0.130856 
0.189770 
0.046064 
0.074764 
0.170624 
-0.225192 
0.073756 
-0.011679 
-0.288120 
-0.112189 
-0.009225 
0.032046 
0.071572 
0.136322 
-0.002401 
-0.198189 
-0.125269 
-0.197643 
-0.283599 
-0.177506 
0.081940 
0.038853 
0.160209 
-0.124959 
-0.291892 
0.022964 
-0.010741 
-0.208344 
0.001696 
0.155435 
0.076482 
-0.081670 
0.022496 
0.028828 
0.003802 
0.082367 
-0.031503 
-0.030573 
0.227093 
0.090468 
-0.045325 
-0.047308 
-0.242983 
-0.070994 
0.214538 
0.209358 
0.021757 
-0.205629 
0.001905 
0.185293 
0.008360 
-0.223518 
-0.137775 
0.305180 
0.078087 
-0.100436 
-0.035965 
-0.101980 
0.268786 
0.394725 
0.006579 
0.223794 
-0.103025 
0.218634 
0.266980 
-0.093755 
-0.156029 
-0.013812 
-0.157166 
-0.415218 
0.130948 
0.320395 
0.165332 
0.101521 
-0.006068 
-0.045122 
0.155200 
-0.122638 
-0.049121 
0.060968 
-0.193657 
0.103637 
0.111241 
0.099208 
-0.050358 
0.125576 
0.173441 
0.005788 
-0.047509 
-0.157633 
-0.394954 
0.028126 
-0.047578 
-0.070124 
-0.083604 
0.148806 
0.135151 
0.021498 
-0.183104 
-0.327212 
-0.133576 
0.341567 
-0.060199 
0.027746 
0.126079 
-0.365388 
-0.137097 
-0.231585 
-0.082054 
0.290365 
