-0.260143 
0.695301 
-0.450368 
-0.124251 
-0.363935 
-0.748860 
0.280016 
0.391279 
0.860156 
0.559088 
-0.359883 
0.213600 
-0.717768 
-0.988576 
-0.158607 
0.788633 
-0.688125 
-0.378890 
0.921776 
0.935761 
0.709619 
0.783428 
-0.322272 
0.749700 
-0.461421 
0.579776 
0.118339 
-0.875695 
0.217692 
0.517875 
0.914540 
-0.861475 
-0.565256 
0.495129 
0.342000 
0.133873 
-0.703652 
0.939040 
0.984555 
-0.393161 
-0.892448 
0.922634 
-0.142912 
-0.568696 
-0.376288 
0.869013 
0.945725 
-0.821079 
0.931278 
0.224996 
0.602525 
0.877445 
-0.843823 
0.900541 
-0.515770 
-0.565555 
-0.781016 
0.078150 
-0.493002 
0.670937 
-0.802993 
0.586438 
0.122654 
-0.998752 
0.066314 
-0.575604 
0.173161 
-0.075828 
0.377215 
-0.509303 
0.874874 
0.374214 
0.861059 
-0.164137 
0.627861 
-0.119899 
0.524950 
-0.982471 
0.990056 
-0.849883 
-0.660788 
0.028393 
0.558124 
-0.282433 
-0.413288 
-0.695875 
0.810548 
-0.454390 
-0.316228 
-0.900200 
-0.590750 
0.047371 
-0.525419 
0.184055 
0.626024 
-0.227142 
0.565755 
0.430011 
0.999487 
-0.959402 
0.318328 
0.065827 
0.914443 
0.390681 
-0.064975 
-0.406805 
-0.158487 
-0.207623 
-0.793092 
-0.043587 
0.552247 
-0.054340 
-0.361865 
-0.225583 
0.412653 
0.794846 
0.510209 
-0.728673 
-0.765213 
-0.809219 
-0.455039 
-0.900118 
-0.669413 
0.938590 
-0.644736 
-0.078399 
0.446728 
-0.016253 
0.123027 
0.510894 
0.936178 
-0.217654 
0.303593 
-0.896231 
0.786017 
0.776627 
0.984233 
-0.232364 
-0.313514 
0.416337 
0.229717 
0.700061 
0.886158 
0.968250 
0.805220 
-0.937175 
-0.826347 
-0.279323 
-0.780754 
-0.201143 
0.475732 
0.746435 
-0.348074 
0.808356 
0.296623 
-0.165124 
0.659235 
0.978969 
-0.242003 
-0.029209 
0.233520 
-0.184130 
0.248978 
0.213845 
0.610553 
0.181695 
-0.454297 
-0.070886 
-0.135127 
-0.281533 
0.823077 
-0.306102 
0.076077 
-0.588433 
-0.003934 
-0.673142 
0.044489 
0.429225 
-0.405446 
0.185060 
0.688110 
0.803156 
0.559379 
-0.562680 
0.266866 
0.425336 
-0.993465 
0.207156 
0.884331 
-0.825794 
-0.548884 
0.843237 
-0.598428 
-0.393066 
0.358583 
-0.569709 
-0.084391 
0.034043 
-0.147454 
-0.018935 
-0.624896 
-0.790357 
0.881613 
-0.742370 
-0.331292 
0.609751 
-0.717798 
0.088471 
0.738125 
0.884568 
-0.083538 
-0.473899 
-0.631608 
0.395528 
-0.752137 
-0.697311 
0.404002 
-0.197801 
-0.501580 
-0.411330 
0.065815 
-0.672911 
-0.961675 
-0.997494 
0.001051 
0.835038 
0.891745 
-0.313306 
0.084668 
-0.300894 
0.006262 
-0.820818 
-0.445693 
-0.243048 
0.569172 
-0.708163 
-0.214470 
0.856463 
-0.502197 
0.463812 
-0.386569 
-0.054267 
0.316920 
0.367395 
-0.125407 
-0.953027 
-0.178489 
0.680697 
0.832654 
0.159923 
0.683299 
-0.286649 
0.702902 
0.782133 
0.256388 
-0.201647 
-0.498037 
0.992579 
0.274545 
0.508843 
0.759594 
-0.073593 
-0.450981 
-0.051928 
-0.940147 
-0.542912 
0.080722 
-0.200881 
0.510922 
0.663913 
0.119969 
0.131398 
0.196932 
0.131911 
-0.044502 
-0.318369 
0.623420 
0.596154 
-0.435511 
-0.575594 
-0.499000 
-0.573086 
0.107173 
0.051455 
-0.390314 
0.667685 
-0.840842 
-0.198190 
0.800007 
0.749346 
-0.549576 
-0.531437 
0.866110 
0.300951 
-0.439214 
-0.764489 
0.417078 
0.152738 
-0.744696 
-0.670213 
0.443878 
-0.944392 
-0.467859 
0.923135 
-0.950858 
0.591499 
0.568430 
-0.805623 
0.428743 
-0.907029 
-0.875610 
0.578419 
0.551074 
0.974768 
0.890297 
0.465771 
0.915808 
-0.740430 
0.336556 
-0.239817 
0.078070 
0.874594 
0.787899 
-0.550537 
-0.824733 
-0.569100 
0.361654 
-0.134560 
-0.029437 
0.440730 
-0.365330 
0.672911 
0.639014 
-0.393769 
0.628092 
-0.947639 
0.674707 
-0.021448 
-0.794647 
0.157774 
-0.696280 
0.839109 
0.453937 
-0.708462 
-0.584468 
-0.015866 
-0.416092 
0.325220 
-0.796445 
0.539776 
-0.410820 
-0.677410 
-0.487148 
0.941221 
-0.591788 
0.810567 
-0.677343 
-0.057399 
0.874658 
-0.728502 
0.570480 
0.328359 
0.462338 
-0.648452 
-0.263030 
0.416438 
-0.173595 
-0.508683 
0.764458 
0.389533 
0.360148 
-0.938045 
0.293411 
-0.887465 
0.475816 
0.969023 
0.405259 
0.489878 
0.158853 
0.897865 
-0.810197 
0.830151 
-0.020127 
-0.333699 
0.716679 
-0.947460 
-0.570441 
-0.030573 
0.797524 
0.446581 
0.739240 
-0.186054 
-0.810341 
-0.941126 
0.028140 
0.001341 
0.574796 
0.632779 
0.460534 
0.542026 
-0.334820 
0.175472 
0.611131 
-0.675354 
0.191486 
0.894411 
-0.128279 
-0.477584 
0.868232 
-0.643242 
0.984916 
0.443832 
0.058964 
-0.439051 
-0.749078 
-0.734816 
0.493093 
-0.316899 
-0.257700 
-0.181540 
0.667268 
0.237547 
-0.658255 
-0.819830 
-0.510438 
-0.820174 
-0.645853 
-0.633504 
-0.407775 
0.256655 
0.527447 
0.025525 
0.369454 
-0.383468 
-0.415567 
-0.232759 
-0.385838 
-0.175199 
-0.098601 
-0.537488 
0.836560 
0.641717 
0.903234 
0.658940 
-0.528524 
0.205432 
0.081177 
0.558830 
0.754087 
-0.264391 
0.633546 
0.420413 
0.393184 
-0.526517 
-0.728763 
-0.409650 
-0.746559 
-0.230070 
0.929196 
-0.546795 
-0.435062 
0.451426 
-0.709595 
0.690832 
0.530208 
0.621265 
0.799182 
0.772174 
-0.968765 
0.111658 
0.557220 
-0.841446 
-0.515750 
-0.089150 
-0.069612 
0.778311 
-0.461137 
-0.750289 
-0.527198 
-0.486045 
-0.840924 
0.340216 
0.049695 
0.367783 
-0.017045 
-0.435143 
0.048242 
0.849636 
0.505937 
-0.006299 
0.784701 
0.833282 
-0.089902 
-0.347382 
-0.326420 
-0.486859 
-0.530077 
-0.280073 
-0.433191 
0.971314 
-0.015756 
0.381555 
-0.691209 
-0.113401 
-0.678913 
-0.197151 
0.193437 
0.689554 
0.817901 
-0.711690 
0.120585 
-0.223453 
-0.394846 
0.498570 
0.950821 
-0.286998 
0.011668 
0.590922 
0.375764 
-0.475107 
0.252774 
-0.427500 
-0.738367 
0.519655 
0.282325 
0.032202 
0.393939 
-0.114894 
-0.647943 
0.907515 
-0.957077 
0.145594 
0.990725 
-0.664450 
0.010533 
-0.181258 
0.876387 
-0.016854 
0.405395 
-0.272636 
-0.300536 
0.872931 
0.448972 
0.657884 
-0.023203 
0.135329 
0.458440 
0.334153 
-0.501614 
-0.399788 
-0.039614 
0.915325 
0.292828 
0.361187 
0.884876 
0.996006 
-0.164410 
0.531521 
-0.105678 
0.348091 
-0.810983 
0.370997 
-0.430839 
-0.531215 
-0.481514 
0.938818 
0.571563 
0.412183 
0.964647 
0.382388 
-0.591223 
0.027494 
-0.056542 
-0.061432 
0.896359 
0.187006 
-0.679254 
0.932313 
0.209575 
0.550260 
0.168781 
0.387153 
0.656592 
-0.561912 
-0.499907 
0.187225 
-0.662830 
0.325083 
0.462837 
-0.716103 
-0.158435 
-0.573675 
-0.436660 
0.370513 
0.525467 
-0.290036 
0.195407 
-0.655910 
-0.503416 
-0.894779 
-0.666998 
0.588418 
-0.875125 
-0.811272 
-0.131990 
-0.976445 
-0.656167 
0.962747 
0.087011 
0.830886 
0.946812 
-0.755076 
-0.988967 
-0.971572 
0.946289 
-0.279547 
-0.111275 
-0.137080 
-0.589557 
-0.058852 
0.382408 
-0.107378 
-0.165066 
-0.539431 
0.720788 
0.880045 
-0.367285 
0.941180 
0.776426 
0.644118 
0.289243 
0.669990 
-0.905229 
0.182728 
0.984822 
-0.487126 
-0.787636 
-0.514362 
-0.354310 
0.116214 
-0.407348 
0.417358 
-0.128356 
0.692360 
-0.501839 
0.642096 
0.651342 
-0.489816 
0.467283 
0.327677 
0.571875 
0.507610 
0.994661 
0.540800 
0.762457 
-0.298892 
0.619678 
0.940646 
-0.525856 
-0.154668 
0.992932 
0.223547 
-0.963010 
0.916412 
-0.890337 
0.937101 
-0.167911 
0.702044 
0.774970 
-0.036477 
-0.819512 
-0.017270 
0.254470 
0.210386 
0.158879 
0.345262 
-0.218434 
-0.920092 
-0.823048 
0.982808 
-0.474214 
-0.912698 
0.476508 
-0.292624 
0.525801 
0.568220 
-0.943422 
0.606765 
0.827085 
0.910631 
0.873588 
0.771818 
0.672191 
0.821537 
0.136087 
0.762082 
-0.578764 
0.571564 
-0.160977 
0.261969 
0.990242 
-0.714381 
-0.262258 
-0.966325 
0.031380 
0.235445 
-0.705954 
-0.785148 
0.915086 
0.801925 
0.603192 
-0.823103 
-0.949642 
0.669536 
-0.705299 
0.850969 
0.866934 
-0.785782 
0.755225 
-0.187341 
-0.721702 
0.593458 
-0.734183 
-0.023596 
0.517448 
0.913363 
0.884663 
-0.355910 
0.848027 
0.253537 
0.289346 
0.222525 
-0.904219 
0.353584 
0.931901 
0.848217 
-0.167494 
-0.356063 
-0.751754 
0.496718 
-0.364679 
-0.940940 
0.459418 
0.365519 
0.028951 
0.615950 
0.790707 
0.984867 
-0.190949 
-0.523758 
-0.726029 
-0.134007 
0.680451 
0.367201 
-0.392537 
-0.255685 
-0.643887 
-0.282484 
-0.488484 
-0.231752 
-0.607576 
-0.104761 
-0.834811 
-0.477356 
-0.054808 
-0.134477 
-0.959104 
-0.683042 
0.323236 
0.169957 
-0.637607 
-0.301447 
0.254329 
0.023881 
0.683368 
-0.795447 
0.922758 
-0.691991 
0.469911 
0.984844 
-0.060480 
-0.071726 
0.220800 
0.919360 
-0.436086 
0.866354 
-0.489709 
0.564368 
-0.383880 
-0.457605 
-0.706751 
0.966622 
-0.874481 
0.493884 
-0.393831 
0.372855 
0.289203 
-0.762915 
-0.128744 
-0.439537 
-0.740188 
0.088202 
-0.337855 
-0.871404 
-0.824890 
-0.181045 
0.463279 
0.689230 
-0.183516 
0.396848 
-0.135006 
-0.565462 
0.437508 
-0.178912 
0.836022 
0.289711 
-0.233506 
-0.288990 
-0.665148 
0.152993 
0.382622 
0.215177 
0.892871 
0.514794 
-0.583447 
0.225998 
0.409679 
0.707632 
-0.017052 
0.724756 
0.366358 
-0.756054 
0.876780 
-0.986181 
-0.674960 
0.262845 
-0.588067 
0.363278 
0.100707 
0.565877 
-0.458259 
-0.501064 
0.870944 
-0.700086 
-0.553599 
0.139007 
0.337597 
-0.428430 
0.048566 
-0.559337 
0.131223 
-0.270419 
-0.019768 
-0.121289 
0.868698 
0.889940 
0.697832 
-0.796992 
0.650063 
-0.424852 
0.054614 
-0.794047 
-0.097080 
-0.396174 
0.232106 
-0.282775 
0.222523 
0.706323 
0.707753 
0.093048 
0.277718 
-0.368103 
-0.844228 
-0.976590 
0.274531 
-0.037731 
-0.907217 
0.100995 
-0.314377 
-0.959580 
0.289172 
0.099204 
-0.170201 
0.609378 
-0.682848 
0.504358 
-0.025243 
-0.159345 
0.362475 
0.988669 
0.966151 
0.996276 
0.039810 
0.329318 
0.620963 
-0.545477 
0.342333 
0.037130 
-0.517320 
-0.123280 
0.245273 
0.326567 
0.306295 
0.839366 
0.214311 
-0.886050 
-0.169439 
-0.053972 
-0.434150 
-0.457623 
0.166382 
0.070749 
-0.281731 
0.096399 
-0.818154 
-0.426454 
-0.016385 
0.119821 
-0.157430 
0.022352 
-0.208155 
-0.702572 
0.769192 
-0.290685 
0.164652 
0.176740 
0.259406 
0.209420 
0.417147 
0.442869 
-0.175014 
-0.628821 
-0.952197 
-0.188312 
0.731853 
0.749725 
0.612373 
0.092779 
0.379423 
0.357928 
0.624829 
-0.738803 
-0.660568 
0.403404 
-0.296967 
0.259546 
0.659572 
-0.484617 
0.733645 
0.902170 
-0.088968 
-0.347610 
-0.684455 
0.620193 
0.612575 
0.375814 
-0.552415 
-0.332958 
-0.899561 
-0.667717 
-0.215533 
0.786326 
0.326883 
-0.341629 
0.649241 
-0.515642 
0.814740 
-0.417041 
0.246395 
0.613515 
-0.936027 
0.758634 
0.977087 
0.298599 
-0.242662 
0.462525 
0.839948 
-0.009257 
-0.638415 
-0.053173 
-0.857170 
0.832605 
0.023599 
-0.490863 
-0.190866 
0.918329 
0.314200 
0.538623 
-0.770909 
-0.472015 
0.622503 
0.517368 
-0.153626 
0.379287 
0.375241 
-0.634470 
-0.975536 
-0.943319 
-0.797035 
0.686117 
