110111101011001110100010
010110001111111110100011
110001100101101001010111
111100000001100010001100
110100010110101010010010
101000000010010101011000
001000111101011110010001
001100100001010101101111
011011100001100110010110
010001111001000000110010
110100011110111101011001
000110110101011100111100
101001000010000000101011
100000010111011001011000
111010111011001011000011
011001001111000111101101
101001111110101110000111
110011111000000010000110
011101011111110010111111
011101111100011100000111
010110101101010011001001
011001000100011101011011
110101101011111111001110
010111111111011000101001
110001001111000000100111
010010100011011000011010
000011110010010110111001
100011111110100100111100
000110111101110101010001
010000100100100110110111
011101010000111110100111
100100011011101100110000
101101111010010110110010
001111110110000001100101
001010111100011010100101
000100010010001010111111
101001011110111010111011
011110000011001001110111
011111100000010111100010
110011011010110011100110
100011011100010001000101
011101100001100011011011
111011011011010100010010
101101110011010011110111
110011111101010111001111
011011110011101111001110
011110010000110110000100
100101101110011011100011
011101110011010000100000
000111001100110010101110
010011010001111110001110
011100000101000000011110
100100111111110110011001
011100110100010011101111
101111011111101100111100
101101111001101111100001
100111000000011110101001
000010100000000011001110
110000001110010101001100
010101011110000101000011
100110010011011110001001
010010110001000001101000
000011111011001100011111
100000000010100011101001
000010000111110011111010
101101100101001010011110
000101100010101000100001
111101100100101101001000
001100000100100010010111
101111101100111100101001
011011111111101111100000
001011111110011000111110
011011100011011100101110
111010101111110110001110
010100000101110111000010
111100001010011100100101
010000110011000110010011
100000100011111001100110
011111101011101000101000
100100110011011100000101
101010110110101101001101
000000111010001001100100
010001110111000010011111
110110111101100100111110
110010110001100101100011
101001101110110110010000
011001111100000000000110
110001011101011010001101
110101111000010111011010
100011001100011001000010
101101000110001001001110
000001100001000000111111
101111001011111100010110
000101111000111100011010
010100000010000110010010
111000101110110100000110
010010000110101010101011
001101110000101010011001
011111111110111100101110
100001010011001001001101
001010001011111011111101
000010000110110100000101
011101010000110001110111
001100100000000111011000
111101111010111011100101
110010111110110111010011
111010111011011010101111
111001010110110010011010
100110100111101111111010
111110100110101111000000
010001101011000000000111
111110010000101101100011
110100011010111001101100
111000110010000000010110
001101001101000111010011
011001011011110110000001
010000010100111010001000
101000101011101011010101
100111100000110101111110
100110000110101110000110
110001011100000101000111
100011001100100011101111
101010100101000010101100
011110000010001110111011
101011010111100101001011
111101011111011100000100
001110010010111001011111
111111011110101101101111
000011111011111101010110
010000010110010011111000
011101111101010010101111
111001000010001111100110
001001101101110000100010
100011010100100001001100
011001001001110000110010
011000110110100010000110
011111011111101101011101
111000100100000111100101
110101111101111011001001
001101010100101010000100
000111010110011101011101
010110011001101110011101
011100010110110110100100
011110111110111110100000
011001110001000101110111
100010000000101010100101
100101100011101001000111
110111000011111100100100
100111000001000000111111
111001100100000011110001
001111001110010011001001
010111111000101100101110
110100110111001001001101
011001110111100000110101
001001011111011111000001
111010101101110100110110
010101000110000111010100
011111010100111011011110
111000010000011000001110
111111000100001011011111
000111011110001111111100
111010000110111001110000
000111111101111010000011
000110110101111101000111
010011100010011010010111
000101110100000111001100
110001011101100110011000
111101101110110100110100
111011101011010000101001
110110111111011010111100
011010010101101010010111
110110001101000110100110
000010011011110011100111
101101001010111000111110
111111110111111100011010
101010011101011001111100
000001011011000111010001
001101101111000011011100
110011000001101001011000
000101111011000000001111
010110000001001111111110
011001101100110111001111
010001111001100110111100
101101111111101000010111
001000100010100010101110
001101100111000101101000
100000001101011000100100
000110101000010000010101
011100010011000111000000
100101100100110001100010
101110011011111000101100
011010111110111100110001
101100110110011010110110
110011011011000000000011
001011011110011000001111
101101110001001111001010
111101010011001010110000
000001000101101110000011
111011010010000000110111
111111011001001110001100
101100000000001101101011
100110101101010110010110
011100001101100010110101
101000001111101000000101
110101011001100000110110
010011100000110001001110
101001000001111100101111
000010110101001100000001
010111100111101011100010
011100010011100110001000
111101010100111010011110
110000110101011101000110
101011110010011101111010
001100101010000010101010
100111111011100111111001
101001101011111010000010
001100111011011001010100
111001101010111001110111
101111111100110000111101
110010110101100110001011
000010000110110010100001
101010011101111000010000
100001001110011111011000
100000000101001000011010
000000000010001001110010
011010101110001010000111
011100100010010010110101
110101111110010110010101
000010101101011001100111
110110010111110001001111
000000001100110100110000
100101101110111101101111
110001101111001110000111
111000001110001111001010
010010001101101010100000
101001010101101011101100
111001001000110001000010
011011011010000010010110
101111111011011111111111
001110110101111000110010
110011101000010011100100
111110010000110111001011
001010001001000011010010
001011110000011011001011
111011111111001010101010
100001100000001100110101
111010010010011101000110
010101110010000100010011
011010101001010001100101
000101000111100001011000
010101110111011001011011
110110110100111100010111
010110011111100010110000
011001000001110011101110
001000001101000101010101
111001100011000001101011
110000000100000001010000
011111110000110011010001
001000110010010001001101
010000010010000111000101
011000010011101001100000
111101101001010010000000
110001100100011001000100
111110010101101001101010
100001111010100101000100
101110101000000111011111
000010100101010100010110
111001100100100110001001
010000010110010111100110
010101001111101100011011
000011110101101100100011
000100001101000110101000
000110010011010100010010
000100001110001001110101
111110100100110111000100
110101110011111110110010
010011111100110000111100
010011000100111011000110
110010000100000100101010
101101100101001011101100
110000000010000011000001
101101101010010100011111
000011011011011111010101
000001101001011000010100
110011100000101000110011
010101010111011010110110
100101000101111101000110
111001101010000110110101
011001100110011010100101
010111111110101010010101
101110011010011101111011
101110111111100111011111
011011101101110010110001
001001101000010110010000
110001111100011111010110
100111100010010100111011
001101010110001011010011
000100111000110011101100
101000001010110111001110
101010100011011001111010
001110001101000100000010
100001110001111000101000
110001000001110100110010
011101100010100101001000
100001100100101001001011
010010111011011001000000
010010001100001001010001
100110001110000101011011
001101101110000100010000
100010111110011001111001
100011111110101111111111
010010100000100110100101
010001101000100110011010
011111001100010100110000
011100011111010101000000
001110111001111001011111
011101010011100100110110
101000010011100110010100
001010110001010001000100
111000010100110110110000
000010011111111000110010
011011111111001010110101
011001001101100111100000
101110011000100000000010
100101100110111100101001
101101110010011110111011
001011100100101010110000
111011101100011010111100
111111000011101101101000
001110000110100111010101
110100010011110011100000
010101100010000111110000
010100011100101100111001
110011011001100011111010
010100000110010101001111
100001101011001111000101
010101100101110011001111
111111010100000100110101
100110100100100100000011
000101000011000111101110
101001101110000001001001
011010110110011111101001
001110100001101010011011
101001010101000100011010
101101010011000000100100
111111011111100000011001
110010101011110101111110
001010011010000011001111
100110100000111000011001
010001010001011101100001
110010110110101001000001
101010010100101010100101
110000011010010100100100
011110000111100111101101
101101000100000001001011
011001111100000010101011
101010010100110011010010
111110001010011100100011
011011111111010011000111
101000101100000001110010
010010010000010110000001
001010100000011110101111
001110110010110111100010
101011001111111110000100
110111100101010100000111
001101010100110111010101
111010011100011110100100
101111101110001101111000
011000011101100110111111
001100011101110000111011
001011100001100101011000
100001111110111000100010
001001011000111001111011
100011100110011110001001
001111001110011110001000
011111000000100011110000
001100111101111110000110
001111101011010001010100
000101000101010101001000
011100101110110100111011
100110000100101101111010
011010100100001001100100
111111010110110001111110
110101010100100101011000
010110111011110000100100
100001101011100110100101
101101101111101111001000
111111000001011000101110
011001100001010101001000
001110010010100110010000
010111101001111101101001
111010000010111101100110
100110000100011011000011
100001111000100100101110
000000111001101000011010
000000000010101111101101
010010011001001011101010
010100001111111011101011
001110101111001011001010
010001010110000100011001
110101010010010010011100
000101100111010111100010
010011100011100110001001
101010011000111000000001
000110001000001010011101
011100100111110000001101
111011111001010010001101
110000101101111010001010
011011110010001000110110
101011011010101001000001
011111100001000110111101
001110001100111101111011
000001111000110000100010
110001111100110100101101
101000000001111000110100
101000011111000110001111
001111110001110110101001
110101110110111111011001
110111110000001110101111
111010001100001101001000
010101010110100100001000
000111100110011111110000
101010111011111001001100
100101110000111111010011
101111101010100111110100
100101110000010010001010
101011010101010010110100
101011101110100101011000
110010111100111000000111
001000001101101000010001
010000111000001101100001
000000110100010001100110
001011110100101001001000
110011101110101010000011
110010101100111010110000
111000100011010011110100
110011101001110011011110
111010011001001100010001
111100110110000100001010
101110110011001110011001
011010110001010001100110
010100100010001111000111
011100111001110100101111
010101000101100000100010
101111000101100101010111
000110100100101110010111
000010100110010000000010
010001111000011110111100
011000001000010111101111
110111100010100001101110
010100010001100000000110
001101011101000000010101
001100100101001111011110
101111001001101100011000
101000101011011111100110
110010111001000010010100
101000000111000010111111
111000101000110100010011
011101101110111111100010
101110100000001010011100
110010000100111111100011
001110011100100001010111
101001010010101111111111
010110000110110100101111
010000111101110111011000
010011111000010110011010
011001100100101110010111
011000101101011010010111
100000111111111110000001
000011100100101011010000
010001110101001011111110
100101000100101110000011
101111011111101111101001
111101001001011010111010
111101110001011011110111
011000111001111110101111
110001001111100101110101
100111111111011010000111
101111001000010011001010
110000011100100101001000
100101000101110010011001
001010111000110000110001
000001100101110001101001
001011110001001110000111
111111011101000101110100
110010000100110100111011
000001100010110011001101
011011001100000011011111
010000001100001010000111
111111110011000110011010
011001000111000100011001
011010101010100011111100
111101000111111000011011
110100111000100011111011
110101100011011111011100
110000011010111010011110
101111000010011001110100
110111000010011010010001
110010001000110100110011
011111000101010000000100
111111011111101110110001
001100001101011011001100
101001111000011001110100
111100010111110000010001
101010010001100101100101
111001101100001110111111
000110001100001010001110
010110000100001101010001
011010001011000011111110
101001001110011101010110
000011110110111101010101
111000110110010111100001
110011010111010110101100
001111111101000100100101
011110011011010001111110
110110110100001110100100
000000010111111001011001
010010111010001101010100
001100000001100100001010
110000110010111110110101
001000000101101011101010
110010010100011110110010
101000010111110100110100
010000101000010000010000
001001000010001100111101
000001000001111100110011
001100100110110010011100
111100010100101100100101
101011010001000000110010
011101000010100101110111
100001010111111010000010
000100101010001011010101
011111101101000000010111
101010101111001101001110
000000010101100100100110
111010001100110010001010
011100000010110101110100
111111011101011110111010
001100111110001111111001
110111010001101001000000
110110011000100000001100
011011111011110000110100
001110010111011111101010
010101000011010110001000
111111010000011110110010
000100010101001001110011
001110101010111000101011
001010101100010110001010
101111111100101100011110
110011001101001111000000
111110101110110111101100
011101010010100101011101
001001010111101101100101
001011100011101101100010
011100010100001110011111
011111110111110100011110
111010101111010010011100
010001000000100011100011
111100100111100100100001
001011001000111001000011
100110000011000110111000
001011110111110011010011
110010001101101001000001
101111000000000100100111
110000100101110110111111
011110000010101100110100
010010010010100011111011
001101001100001001100110
011110110111100110010000
001100001111001000010100
101101000101001011001110
000000111000010011101100
111110001100001100111000
111110000010001011111100
011100101011101111100110
000101111110111111001110
101010010000111000110110
011101110101011000000110
000110101101001101011000
010001100110111011101101
000101011001101010100000
001100011000111000111000
010101000000101100110111
101110000001001101001000
110000000000001100001011
000101111111011100000001
101010110010100001100000
001010011001110001010011
001110110011111001000010
101001000101011010111001
111010111011100001101010
101101101001000111010001
110010000001101110000011
001011110110110011110110
010000110100001001111111
110110101110000000011011
000110010000001100011000
101011000000101100100100
101111111001000000010010
100011010111011111100100
101010101001111111010000
010010110101000101001010
100011111111101111101010
100110000010100000111110
111011110001101011110100
100000110000001111011011
101011000000001010111011
011110110011101101001000
000010110010001100101011
011010100101101001110101
011110010011000100011111
100111110101100110101010
100000010110100110000110
100000111010001110000100
011110010010000000000011
110111000011011111010000
111100011100000110111010
111011100111010000101010
101101001000100101100011
111110000111011110001011
001100001111001011000001
111100100100000101110100
111010101101111100011011
101110101111001111101111
010111000100001011001100
011100001010010101010100
110100001111110011001111
011110000111100010010011
011000110110000111101011
010100100111001001110101
001001010000010111100111
010101011100001000111101
100011000010000101110001
000101110110001110100001
011111100000111010100010
110000011010010111011000
100110110010111011000010
101111100010100101100100
110100101010010111110111
000011101110000000011011
110010111101110000000101
001101010110101111111100
111011111001001000000101
010110001001111101000001
101111111100001111000001
010100100011000000110111
010100110101111100101101
110000010100110110111001
001110111100111111101110
001010011111000101001111
010010010011001100110000
010000001111100101011011
011111110101000100001011
010001010011100011101101
011000011001100000101101
110110011011110111100100
010011110101000110011010
011110000110011100010110
101111001011000010111100
111011000011001111011010
011111110001100001100110
000111001001110100101110
100001001011110000010100
011101010100110011111010
100011100000100101110001
011101111111001011101011
111010101000000111100110
010110011101110010010010
011000110011001000110111
111110110101010010110111
100101110001101000111110
111111011100101000011100
001000001001001001111001
000110101110110111101010
000101000101011000100101
001011000011000110001111
111001000000101001011011
100010100011101001101100
100101101010011001011110
011111011100110010100101
110000110100110011110001
100010110010110010111000
001111001111111000111010
110110101000101101001111
010000110100110101110100
010010001011101101101100
100001110011110111110011
010011011010101001110110
011010011101110111101001
011101001000111110001100
011011111101000110111010
011000101100101011101011
010101100000101001011100
011010010010100000100001
000100010110101101001110
011000011000101111101011
101101011110101100001101
010010010010100100000000
111010110110010100011101
001000011000100000110100
011111101100000001000000
101001001000111100101010
110111100110111001011000
100001000100111101111001
000001000000010000111111
000111100010001100010011
101001011010001101001100
100110111000000001001001
011101010010000110001001
011001101010010101111110
010011010011010101100011
100101101010010010010001
100001100111001000100011
010101011011001101011101
101001011011100011000000
011011001110110010001010
011011101111011110110001
100110110110101110000001
011000001010101100110011
111010000000010100110110
101000111001111101001001
010010111111011001101100
101000100000011001001101
111111001111101011001111
010000100011101110111111
011101001110100100010101
011100010011110010100101
110100100111000110001001
011011001000110000101000
001000000111001111101001
001001010000100101000111
000111000111101110110110
100011000100001010001100
001011010100001001000001
011101110100100010000110
011011001001001001100011
111010101000111110001011
110100100110110010001010
100111111100011010000111
001111111001010001110110
110100010101001000110000
100001111000111101000111
001110101100111000110101
001011101100100101010010
000000111011010010101011
010011101101011101110000
011001010011010111100110
011111100001000000100010
111001111000111011111101
101111001111010110000000
101000110001000101111001
111011101101100011011100
010101110001100100000010
001011110000000001110101
110011011100000101010111
110111110100010110110110
101011011001010100100000
110110111101011110001110
110000010111100101011000
111000100101010111110010
101100100011101011110111
111100101001011100110100
100101010010010011100110
110000101110011000000011
111110001111110000010000
111011101100100101110100
100001010011110000010101
101010001001001000010111
001010010101111111001011
000101011100000100100100
101011100110001011100100
110110010110101000101101
001000001000110111011101
000000110000111010001010
010101110111100010011110
100110100010111011001111
011101100001110011110000
101001110110110011010100
001111000010011000000111
011111100000111101100000
111110000100001000101110
111101101101000110101110
000111000100001100101111
011101011010110110010011
110010000010111001010111
011011101110010010101101
110000010101000100111010
010010000011110100110010
110011101101110100001001
110001010110110100101111
101001011000100100110011
011110111011101001000110
100100000001000011111110
001111110011011110011000
110011011001011011110110
001011111011100110110101
001001010000010010011100
100111100101100011001100
111011111000010101001101
110001111011110101000100
101000010100000110000011
000010110100101000110010
110101001100000100101101
100100000111010111010011
100101100110101000000001
111010001101001110000101
001110110100110010111010
010110000011100010110000
111010001000001010010000
001100101100101111100111
111011101011100000011111
101101111001111011110101
001110000000000001000111
111010010001100101101100
011010110000001011000001
001001010001010100111111
111000100001110001111011
110110110000001001100010
101010101101110001110001
000100111001010101000110
001100001111100111000010
000110111000101011101101
011100100100100110010111
010000011110010011000001
101101010101000110011100
000111001110110110000001
001101000111000001011001
010110101001001110101100
111111011101000100111010
010111001100010011001101
001011101110010011010101
100111110011100110011110
011100000011101001010011
100000011100010011010001
101010011001101011100111
001000011010010011100111
101101001011101000110111
001011100111111111100010
000011001110001111110110
010010000110111010100111
110001010101011111000010
101111111101110100100100
011011110111101100010100
101001100110001110010110
101110010010001110101011
000100011100101011111110
001010110011011001100100
110010010010100100110010
000001100011011101101011
101110000110011110100010
000100001100101111101011
110111010110001011101000
111111010111100000111100
111100000111100110011100
011011110011000110000001
011100011110100110001010
010110010101001010001101
100110011111110000101100
010100110011010101000111
110010011001111001110111
000001101111110110011011
100110100101110010101000
111100111001001011011111
110011010100101000101011
000111011011010110100101
110110111100111000001001
000111000111101110100110
010110100110100011001110
010110101001011110100111
000010111110100011111111
001000111000110001000011
110100001110001000000100
100100111111000001010101
100000101111111100010111
001000110010001111011001
111110110010101110100001
100010111110000001010001
000011001110110101101001
110101111100001001111011
100001010010110001111000
001001010000001110011010
000011001011001010110100
111010100011011011011101
010011100000000000011010
101010001001100001101101
010000001000111011001011
111111001100010011011000
111010111001101010010010
001011100110010110010111
011111101000110010110101
011110111010101011010010
011111111000010111111011
000001010001100001111111
001010100010011100010100
010011110111101110110110
101110100010110111001111
001010111101000110001110
000001001100000010110000
101111011100100001110101
111100000011100001011001
000111110110010100011001
001010011100110011110010
001001110011010010101101
011010110111000001011011
000110110110111010001010
100011101001010111101000
111010100100111111010100
111110010001011101110101
110010000110110111001001
110001010110110010011011
000101010100110000000010
000010010000111001001111
110110111111000000111001
000011000101011011001111
100101110100011010111001
110010010110100111111000
111111011110011100011001
000011110101011001001000
111010111101100101010011
000000101101110001110010
111001010101101100110001
101001100001001000011110
011000100111010011100001
110110101100101011010010
000101010001001101010000
000101101001111101101000
001000010011010000110101
000110101100111001001001
001101010110010100010101
001110001010111111101110
111010011001100100100100
101011111000001011001001
100001100001111001100111
111001111110010101100001
010111011010110101011100
010111111111011100000000
010011100110001000111011
000010111110000000101101
001100001001000011110010
001011011101000010010010
010011111111101001100101
101000010110111011100101
101010110111001010000011
001100111010001010111010
110110011111110011111100
001000010011100011001110
010101000110110011010111
110000011111100000010100
010111011110100000010011
011100110111101001001011
111101001001110010110100
110100111000000110000110
101010000110001111001010
010011110110001010000000
010011100110100011011110
001100000001101010101011
101110010100101001110110
110101010110000110100100
100011001101101100101111
101010101000100000111111
111001000110100101101100
011001001010011001011000
001010011101011101001100
110101000100010110000011
010100110001101001010100
101111011111111101101110
011010000100100101100110
110010101001111001100100
000111111000100111100011
010011101000011110101011
100010000011000001000100
011000010001101011101110
011111010001000100110000
001001100011100001111011
111000001111000001110101
001110110011010000001000
011010111000001101101001
111111101101000010100111
101011100100100001101011
111110010011000110011111
100100100100100001000011
011010101001001011001101
000000110000010101000111
110000010010101101100101
111001111001000110110111
011101011000101111001011
001010000011011110110101
010001001111000110011001
100111010101001011011101
110000111001010100000101
010011111010111000101011
010000100011100100011110
111011000101010111111000
001100001000110001111101
001100000000011111100011
101011101100100110110011
100000110010000110100001
100001110100000101010100
100110011111101011000000
010101111101001010110000
