111011101110100100010111
001001101111101000001100
111100100000010110011001
000100101101000111000111
111011101001011001011101
111011010001000110011001
000111000110101110010101
111110101011001011010001
000101000001011000011000
111110011101000011001100
111110010110100011011001
000010110110100110110100
110101110100001111101011
111001010000010001111000
111101000010110010010011
000100110011101101110100
000000100111010010000001
110111100101011110000000
000110010100100010010010
000111011011011100001001
001000001001110111111010
000110100100111000110010
111001101011110101001010
000010000110011011110110
110100000010111010110100
000010101101111111010010
000101011001000101011010
111000111100011100101001
000000101100100010100111
111100000110101001110110
001000001001110111011101
111000011001100010010001
111001010111011100000101
111101101110111000011000
000010000111111010101000
000010000011101110100101
000000100100100000001011
001000110101101010011000
000110001010000010011010
111000001110110010001011
111010100101101101101111
000111110110011101011011
111111101010000001101111
111100000100110111100011
111111001100010010000100
001010010000000010011011
000111100001011001110001
000011100011110111111011
000011110111110010101011
000000011000110110110111
000101011010111010110001
001001010110110101100101
111001010010111010101011
000110001100100001000001
111100011110000000111001
110100011010011001000101
111101010000000001101001
000110101111111110010111
111001010011110100111010
000101110110100101000000
111100110001100010101111
000110001001010111111010
000001111100100001111000
111001110000111110001100
111111111011001011001100
111010010111101000111000
000001101001011011111011
111100011010111011000111
000101000111100100010001
111100001010011100010100
000001101010101111000111
111000101011011001001111
000101111001100110001100
111011010010001000100111
000100000101101001001100
000100111100000101011010
000111000100110100111111
111010010001110110111100
111110110111111001011010
110110111010010101110001
111010010010110111001011
000001000101001100001101
111101110111100100010111
111110010111101011001001
111100001111011100111001
111000100101111111111011
000011111000010001100011
111101000111010000110110
000000111101111000011001
110110011011011110110001
111010111010010010011100
001001010011010110101001
111011111100101011111001
111110011000000000110101
111110111110010010110111
000100111110101000111110
001000000100101101001010
000010111000001100111110
000100110110111101010101
111010001100001101011110
000011001100110111100011
000011100011001010101100
001011100000110000100011
000100100000100001100100
111000010101001111100101
000000111110111000111101
111100110000101100011100
111101010111100011011110
111001000110101010001010
111101010011111101111011
111111111001100010111010
000101010110100001100101
111001010100110010010010
000001011100000000111010
000011111100001000001011
000101111010010100000011
001100100100110000111001
110111010101000111000101
110000111110010110011100
110110101111011000001000
111100010101101110101100
110111110101000001110001
111100000010111101111110
001001000000111000101111
111001011010101000111011
000000110111101110011110
000000100111010110110001
000001111111111000110110
111100100110001111011010
000000100100001111101101
001000110010010111011100
111010100001001100000010
000100010110110110100011
101111100001101100010100
000100001011101110110000
000100100000110111111110
000010000100011111101001
000000000100101100101101
111010011001110101111110
111110100001010110110100
111100000011010010100111
000101101110011111001010
111111110011011101100100
000110110111100111011110
001000011000110011110011
110111001001100010101100
110110000110100110010011
001000011001100001110011
111100111110000011000010
000000101111001010010011
000100010000101011011111
000011010100000111111000
111101010011010000110111
000011011010010011100010
000110110100100111111101
000010110100111100110111
000110101111010111101100
000011000110011111000110
111110011001010111100010
111101010010101110100111
000001110110100100000000
111011111000110011101101
111001110000101000110101
000010001001001000111100
000011011000111011010100
000000111100000001110110
111011101101011111001010
000010111111100111010001
111010011011011101010100
000100100001100110000010
000100110110001011010011
110111011101111110111001
000001011001001100111001
111111000101110011011111
000100111000111101000100
000001000000010111100010
000010110011111011111010
000011000000110110011111
111100011101010000111010
111111010110100001010101
000101001100100001111111
000011010101001100011010
000110111111110000010010
111011010001000001001000
000010011111110010001001
000010110101111010010101
110000110111111110010001
111100110101101101101111
001110001101110110011101
111000111100110100100011
111111010011111100000010
000110011101001000101110
111000100000000110100100
111101100110100101100011
111101101100100110010101
111001110110010111011111
000100011001001001000001
111100110111000100011100
111101101100011000111110
001000010101111101110001
111001111101000111110110
111001100011010111101000
001000010000011001000001
111010011010111000111001
111110100001100100110100
111110011100011100001000
111101001011000010101110
000111011100010001110000
000000101101001001011101
000010011100000111101100
111110001101101111111100
111110111000000101000110
110110010100011001001011
000110010101100000110000
111101001100111011011110
111000110100100101110011
111111001010100100111001
111111000010001001000000
111111001000000000110111
111110101100010001010001
111000000101011111100100
111010010000110101101010
110100111101101000100010
111001000101111010010110
000101110111000010100100
000110101001010101101010
000110000000100001000000
111100111010101001111110
111100101001011010001001
111000101101110111110110
000000000100000101011011
110100010101011010101001
111100111101011111010110
111101110011010010101101
000010000111011110111001
111011110001011011001001
110111101110001010110100
001011111100111000011001
111111010100011010101110
001011101010110110011111
111100011000111000101110
000001101001110111110100
000010100010110110100000
000011110000011111111101
111100100011100011111110
111001110110101010011000
000100101110001111000111
000101010100001101101000
000100011111100110101110
111011110111100101011011
111111100001001000011100
111011000010100110110110
000110110100000101010001
000011001001110101000110
000011111100110000011010
000101010110000110001111
000010001111000101000110
001010110101100000000001
000011110110001100111001
111101101000100100011100
001010100111110011110101
000001010010001011111010
111110010011011001100110
111100100110001101001010
111000110110111101100111
111101111001100000001100
001000010111101111100111
111100001101001111010010
111101110100110010010000
000011000101010000010101
000011110110010000000100
000010001101010110110101
111110111001010011111110
111110000100010011111111
111110101000101110001100
111100101100000100100010
000101001010001100111011
111110000011111101011000
111101110110000001011111
111000111000010101101111
000001000100010000101101
111001000110001010110111
000011001111011111001000
000011100011010001010010
111111001010011000101001
001101101101011000000000
111001111101010110111010
000010000011100010000110
001001111010100111101010
000111111100010010000001
111011010010110110110100
110101111100110100101100
000010011010001110011011
000011110111011010000111
111110000000111111000110
111111111101001010011100
000111100000110000100011
000001110011001111011110
110110011000101110111101
111001011100110001101001
000110111011000011000011
110111011110101110010011
000010010010001001000111
001011101000001100001111
110011110101111110111011
000011111001011100011101
000111101101011010110110
110100011000100001110001
000010010101001000010100
110110111010011010111000
110010100000101110111010
000001110000100001000001
001011110011001001100111
001100111000000011100110
001100111111001110000101
000101010100101101000111
001110000100000101000001
111000001000000001100101
001101111100101111011001
110100111011010000100010
000101100100000100111110
001010100010111011100011
000110010000110010001111
000000001011101010101010
111000100010110000001100
000100001101111100101001
111101111000000010101110
111000011100111101001111
111110101100111011111000
000001011111001100110010
111101010111111101011011
000111000001010101110010
000010010001011001000001
111011001010010011011111
001010101111011001101111
111010100001001010111010
000110110010011011100111
111111000011101001110011
111110110010110101111100
000001001110100001100110
000000001011001110100010
000001100010010111000001
111111110001001100100110
110111011000000010100011
111000011111001101001110
000000110010110111100010
111001110000011101010100
000101010010001110001111
110110111011111011000110
000010000100000001111010
111101101010110011111010
111100011001010011110111
111011111000000111110000
001110011100000000110011
110111111010100000010000
000111110011001111000000
110110100011110011001001
000011010001011110010111
000101001110110101111101
000011111101000110010011
000000100010100110010100
111110010001110010000101
000110000000001000001010
111010101001111010111111
111101110110001101001011
000101011101100100111110
111100101010110010000010
111100101001001011011010
001010000100010100110101
111011101011110100101011
000010100111000111000100
111001101100001001000001
000111010100000101100010
111011001000001101111101
000001011111101001101000
001001110101010010010111
001000110000100011110101
000110101000110010001111
111000100111111100011010
000101100001000000001001
111001001011110011011100
000110100101010010001010
111111000001100011111101
111011000011010010010000
000100001111110000011010
110011001100011100101111
111011011111010101111111
111101000000111011010111
000101001111010001001010
000011100000101000011010
000101101010100100011000
000010110000100100101010
111101111010011101111001
111011110100001111000111
111111000010110111101111
111101111011100110010000
001100000111011000101101
001000110011100001011100
000010111011011110000101
001010001101001110110101
111101001000001101010010
000001001010001011000101
001001111001101001100000
111001100000101101010011
000000000110011100000011
001000110101101110111000
000000000010000010010111
110101101111110101011000
000010010100001110001100
000010110100010000101011
001000010110100010111000
111101100111110111001110
000010000101000110010111
111000110011000110011111
110110101011000001101101
111011111011100101110100
000100100000110101111111
000000001001111001111011
000000110110011101000011
111110111011010001101000
000101111011001011011110
000101100100111000011011
111101110011110011101000
111000110010111111011101
111111000000101101111001
110101001110001000011001
111101011101111010011111
111010011011111010011110
111010111001011100010110
000001100111110011010000
000000010111111010111111
000010011011111010000100
111110000110101101110110
111111100111110011100100
111010001000100011100011
000010010110110011001101
111010110100100001010100
110111111000010100001000
111001101011110100000010
111101000100001110100101
000100001110001110110000
000000101111111110110100
001011101001111011000110
000011100111110101011110
110100110101101010000010
000011100101011100001010
111000110010101101001100
000010100010001000111101
001011110011000100000111
111101001001011010110000
111111000000100100111001
000010000111111101110100
001000100011001100101000
111001001001000010101100
111110011101100010111010
111111000110110000110110
111010000110010110111100
000010000110110011000011
000110101100011000110010
000000011011010101100111
111110100101101110010000
000011010101110101110111
111010010011101011110011
000111001000010010001100
000011000001000110011000
000111011110111001010000
001110110100010001011100
000001010001101101000000
110011001000111011100100
111110010100011101110000
000001000101000000100010
111001100010010011001100
111000001001001001111110
000010000100101010001010
000001110001101010111100
000101010110000010111010
111010010100000101111111
111010011011010110001101
110101001110100101010001
111110111010000001010101
111111101101010010001100
000000010001011110001001
000011000011111100000011
111111110000000011110111
111010000000101011110001
111110010000111101011010
000010000101000101111001
000010100100011110100111
000111110001001101100100
000000000111111000100001
111111111010010000011101
001000111100001111111110
000011100001010000000011
111011101010001010110100
111101100111101010000001
111011110000101011011110
111000110001010101000011
110110000101101110010111
111100011000100010001100
001110011101010011011001
111011110101101101000110
000011110001100011011110
111010001111011111010110
111011110011100011101110
111100000010100101010111
000001011010111010100000
000010001111000101001110
000111101101100011011101
000111111100010111001001
111100010110110010000100
111011101001001111001111
000001100100011010110000
111000111011110110010011
001000110010010001100010
001101110011101001000010
111101101001001111111001
111011100101010000000001
000001101110001001111111
001000010000101100010011
111011001001001100010010
000110100011011011100010
111001010011111111111111
111000111001111111000110
000011100101101011101010
111101011101001000010101
000000101011100010111000
001000111001011011110010
111100101010101111110000
111101000000111100001111
111111000110010011111000
111001010100000010110010
111101101010010110010110
001100110001110101000010
110100000100010100001101
111101001101001001001011
000001111111101110001100
000111101111000011110110
000011000111100101001011
001010111111001100011010
000010110111011001001000
111011110000110111000110
000100111000001011001100
111110101101100100000101
001000011111101100000010
110010010100111010011100
111100001011101100011101
000110011100101010100000
000010111100101111010100
111101111000001101111101
111100100110110001000100
000001111001111101111011
001001110111011011101000
000100011100101100110110
000000011110000100110100
001001111111101101101111
000111101001111010000001
000000111011011000010101
000111010000101011111111
000001001011100101001001
000100101110000011010001
111100000110010110100011
000110010111110011011101
111000010101101010001110
111111111110011111100101
111001100000010010000011
000111010101000111101110
000110010011000110111110
111101011101110000111011
000010101001001011000000
000100000100111001010111
110100011011101110110010
111111101111001101101001
000111111100001101110000
000010110010001100110000
000100000100100100011001
111011100001000011000001
111010111100010111001010
010001010111100011001110
111100000011011111111110
000111000111110011000111
000011101010100101100010
111101000011100101110101
001000011000000111010101
111001100011011010010101
110100010101011001010001
111011111111101011111101
111010101011100101010101
001011001100001001011100
000101101010010010000110
000100000000111000011000
111100111000111010101111
110100111100010011000101
111101101101111111011101
000011111000001011000100
000001111110100000111111
111100110100010101011010
000010010000101111110100
000100011001100001011101
111010110101010111110111
111000001100010111001001
110001110111001101100111
000010111010100000011001
111010001101100010010100
110101100100010100101000
111111111000110001000111
000001011010111001000111
111110100111101011100001
000011010110000111001010
111110000111001101001011
000110001100000111010101
001000100110101000000100
111101010000100101000000
110111101011111010010111
111011010100100000001100
001101100110000001001110
111010101010101101100100
111101100000000011010001
111101001110011101101001
110111110110000100101000
111101000001100100000001
001001101000010011001011
000000010011001000111011
111011110100100001001011
111111110000010111110111
000010000101111000110010
000011011010111000110011
111001111010101100101111
000101110011111011100100
000100001001011111011111
000111110100010011010001
000011011111100101011110
000000011100100110110101
110110000100100101010101
000000001111100100100011
000100110111001110100101
111000001011101101001110
110111001111000100000010
111010010101100101011101
111011110001110100101000
000001110100000111110110
111001110111011010111001
001000000111111010001101
000000000110100010010001
000100010001101101010110
111100010010010011101111
000110110110011100101100
000010110110100011000010
000010001100110011101011
001000010100011111010011
000101010111011111100110
000100111101100100111100
001001000010001000000101
001011001010111100000101
001100011110000000001000
000110111000101100010101
000011001110111010010001
001110110101101000000010
000011111000001111001111
111111001011000111101000
111101111101000100100101
001000110001100001110111
000001010101100001100100
110100001111110000110110
000110111101011000101011
111101001001101110010111
000000001010010100110101
111101000101001101000100
000101110111000011011011
000100101011100000010101
111100101011111011111010
111110001000101101010100
000001100111111000001000
000110100000100011110010
111110101100101110001011
111100000001010111000111
111101100111101000011101
000100101000100111100101
111000111111000101000000
111010100111110011100011
001100111010001101001111
111001110110111100100000
111001101111010110001000
000010010011111110111001
111100011100110001011100
111111010010010110101010
000010011001011100111011
110101001101010011000001
000011001111111000100000
111010011100001000110000
000100001011010000101111
001111000011010100101000
000011111100100001101001
000101000100000110011010
001011101101110101010101
111100111001100110100101
000111101111111100100010
111011011101000111100110
001001010011010100010111
111010100110111110010000
000100111001101001001101
111110100110110111000111
111101000101110010111101
111101101110111010010111
110111010010111000011001
000010000011010110001010
111011010111001111100010
111000000010100110001011
111101001011010010001101
001100010011001011010001
111110010111100010001001
001000011000011000100111
000010011010010011010100
111011001100001001001000
000001111010001011001100
111111110101111000111101
000001100001101001110111
001010010001100011111000
111100011010100010001010
111110111111100101001111
111111100101101101100110
111010000100101001010011
000100000000110000100111
111101010001011110110000
111101100011100111000101
001000000101110100011110
000010111011010100011000
111110000101100011100010
111000100111001011110110
000111000100000100010000
000000110011000101101101
000010000101011001011110
000100000010010100110111
111110100001110010101001
000001111001100101010111
000001011000001110110101
000110110100011011011000
111111010101001001101100
111111110100110101010000
110101001110010010100000
000111100011000010011011
111011011000110110010000
111011101011000101111110
000100000010111001000010
111101101000000100111101
000001001101011111010001
000110001111011101111100
000011101000011011010011
000111010111101110110111
111111011011000111000001
111101000001000101011000
111010000111001000111111
111111111111011000000100
000110001011010110001101
111110100010111111011000
000001010101110010010001
000001010110110010000111
111010011110010011000010
111110001101001011001001
111111000100111011111010
111111011000111101001011
000000011010000011100110
000100000101100100110000
111000011010111100000100
000000111011010010000101
111111110110110010001001
111101001100111011000101
110101000111000001011001
111110101011001111110000
111111100001110001111001
000001011000111110100100
110111110111101011010010
111110011100000101101111
000010000001110101000001
111111110111010001100110
000101101110011100001000
110110101000001101000010
001001000011011111011011
110101100101010001100000
000110101011011110001000
001001001001111010111000
000000100100111111110011
000010011101110111111001
111111000011011000100111
000010010101110100010000
111011000001101101101110
000100100110101001000001
111000011000101011011101
000111110111110001111110
111111100111101000001011
111100111101011100010101
110101101010101100010000
001101000011001100101111
111011010000101111010001
000010011101110110011100
111101100000010110101111
111010101001111111101000
000101100000111101011001
111100110001101101011001
111101100000011010100110
000001000000100110010110
111011010100000001011101
111100110010011010001011
000000110101101111001111
111011000010110010000110
111000111111111010101011
111100001110000000010000
000001111101101100111111
001010101101010001101001
111100000100100110101101
000011011000110001111111
111110001111001000111011
111011101001011101000001
001000111000001010101111
111110101110111010011011
001000010001010101101100
111101011100010011011111
111111111000111011110101
111001011010111110110011
111100011011001010110100
000101110001101000011110
000010111010100010100111
001000010111011011010010
001011010011110101001000
000111100011100110101010
000000000110011001101011
000001000110000101111110
111110100110000001110111
000110011100101000001110
111110100010001110011111
000100010011101110000101
000000000001011101010010
110101101000110110111110
000110011000100010100111
111011101100001100010100
110100110110000111100010
000000010011011101101000
111100111110000111010111
000101001101010010000011
000000101101110101110111
111101100111110101010110
111010001011000011100011
111100001111001011101101
001100000110011011100000
111101001000011100000111
110110110111110110101011
000000110101010001011100
000101111011011010011110
111011010001100111100101
000001111100000101111010
000001001100000101010111
111011000001101000000110
111100111011110111100101
000010010111010000110000
000100100001011010111110
000111111001111011001000
001001000000011010000011
000101110100100101011100
000001110000010100111110
111111011111000000000110
110110010111110000001011
000111111101000101101101
110111010100111101010101
111110111001010000110011
111011011100111010100110
111001111011001001110001
110110011101010000001001
001000000010001000101000
000110101011100010110111
111111111111000000110101
000110000111100010010100
111111010010000010010011
111100001000110100101111
111100101001111001001101
101111110110101011110110
000010001110100010100011
111010100000011001010111
110111000010101001010010
000001100001101011010010
000001110100001111110011
110101101011000011100100
000010111011001100111001
000000111100011100011101
111100010110101011001111
000000110100011001110000
111010011100101010000100
000010100010110101001101
111111101000101011101110
110111010010100010001011
000101010000111110101001
001111011000101101100100
111011110100000000011011
000110000100101001100010
000001011110010101110000
000010011001000111011100
000101011101011100000011
111000110010110011101011
000010010111000011011001
111111101000000101010001
110110110001111011011111
111100011010001111001000
111111101101000110110110
000001000001101000010100
000010010010100101000011
000100010111001011111100
111111111011000101001111
111001101010000111000000
111011111111011100101101
111001101011001110100100
110110111011001100001001
111010010100011101111011
000010100111110100000001
000001001111100100100001
000101001000000110110111
111100000000000101010111
110110101010001101000101
000000101111000001111010
111111101010000000001010
111001010101010011111011
000000000011011110010001
000100111110010101001010
000010011100101000101001
111101011000101111010110
000000101110000100100100
000000111011000010100100
000000000111110010010101
000010101000101100000011
111110111111011110110010
111111000001011000101111
000111010001000101100001
000010111001010001110011
111110100011001011001011
111110011111000111010000
111000001110010111101011
111101101110100110101111
000110110111010111111010
000110101100110000111010
000000101100100011101111
111001011010110111110011
000000000011111001110000
000101111011011110110001
000000010001000111110011
111000110110001111000101
111011100101110101100111
001001110001000000100111
000010011111111011000010
111100110010010011100110
111110110110010101111100
111100101111001001001111
001000100110011110010110
001100101000011001011000
000000001101011110010110
000111001010010101001100
111100101101000000010111
000110111111110000110001
001000100010110001101001
111100111111111111011001
111011000000011101000000
111111100011101101100101
111010111110000111111111
110010101101101000100001
000100001100001011101001
001010010000001010110001
000101010010100110011000
000011001111111010100011
111111110011100100100111
111110100011100101110000
000100111101110110010110
111100000100110101100100
111110011011011001100100
000001111100110111001100
111001110011011001000011
000011010100001111111010
000011100011110100101001
000011001011001011010101
111110011000110111011100
000100000001001011100100
000101100011001101010100
000000001011110110100111
111110011110101100111001
111010111101001010101011
110011010111001000100011
000000111001100110100101
111110011110100011110100
111101110000011000110000
111101010100110001110111
000100110000110000010011
000100010100110010100010
000000101100000001110001
111010001001000000010000
110101100001110111101110
111011101110011011111010
001010111011100001111010
111110000100101101100010
000000111000110100101100
000100000010001101011001
110100010011101011111000
111011100111001110011100
111000100101101101101101
111101010111111100111110
001001010010101010110000
