111100101001000101011110
111001101111100110100001
000000011000110001111110
110101000000001010101110
000000110010100100110001
001000000100110100000101
110100010111101010011010
000001000101011001010111
111000101001000100111101
111001100100111111001110
111000000001100100000000
111111010001010010110111
001000110110100100111110
111001100110111110011111
110111110001111010000000
111011100011111101010000
000100010001101010110011
000011000011101100001011
001000010110101110001010
000111010100001111111111
111101011010101001000001
111011111000000110100111
111011111011110101110111
111100111101011110001010
000000000000111011001011
000100010100110111011101
000000010111010011100110
111001010111110101001011
110111101100011011001001
001011001010010101001001
110100000111111110000111
111011001110001011110100
110111001001100011000100
000100011000001111000010
000110011101101111000000
111111000101111100001011
000110111110111010111011
110101100011100000011110
111101010101000101101011
000100010100100111001101
000000100001101001110010
000010101010001110011100
111010001011111001101001
000111001101100000100100
000000010011110110010100
000110111011000110011001
000010001001111001011100
001110010000110000110100
111010011111111001111100
000011111101111011000110
111010110001111010100100
111110010100100000110100
000000111011101000110100
110111110100111100101000
111111001111011101110010
110111001111110001111110
111110100010000100110011
111111110110111101100101
111100110111100011001011
111110000001110011111111
111111011110001101011101
111100111000011101010001
