-0.115543 
-0.305146 
-0.223546 
-0.092382 
0.171373 
0.111430 
0.048606 
-0.385613 
0.385534 
0.134821 
0.051358 
0.012856 
0.029224 
0.155970 
0.181044 
-0.071396 
-0.258663 
-0.039491 
-0.130394 
0.217255 
-0.079909 
-0.050778 
-0.046450 
0.056407 
0.145380 
-0.336845 
-0.192967 
0.014495 
-0.438534 
-0.080412 
-0.420126 
0.024580 
0.276767 
-0.160781 
-0.120663 
0.086981 
-0.023967 
0.115793 
-0.137183 
0.030096 
0.058682 
-0.035821 
0.235909 
-0.032563 
0.133285 
-0.246389 
-0.155447 
0.090827 
0.067144 
0.135027 
-0.443353 
-0.171844 
0.142148 
-0.150975 
0.104148 
-0.221829 
0.204502 
-0.015178 
0.221181 
-0.190127 
0.134215 
-0.433527 
-0.061266 
0.056830 
-0.317045 
0.099265 
-0.143372 
0.020287 
0.059906 
0.514903 
-0.395650 
0.037998 
-0.144181 
0.085481 
0.312218 
0.213578 
0.201942 
-0.141793 
-0.155287 
0.277036 
-0.172468 
0.189803 
0.066566 
0.201266 
-0.084019 
-0.065192 
-0.103404 
0.250578 
-0.112214 
-0.068175 
-0.279584 
0.002695 
-0.189887 
-0.059599 
-0.159246 
-0.200521 
0.440320 
-0.171160 
0.028237 
-0.183586 
0.188146 
-0.065988 
0.350488 
-0.357283 
-0.230425 
-0.085265 
0.117922 
0.432962 
0.161232 
0.169647 
0.086305 
0.243207 
0.294883 
0.159721 
0.302392 
0.076481 
0.140529 
-0.146194 
-0.039467 
-0.132045 
0.159729 
-0.072917 
0.127276 
-0.186683 
0.309432 
-0.115770 
0.250281 
-0.146219 
-0.058628 
-0.146651 
-0.039450 
0.130852 
0.227786 
-0.118254 
0.018980 
-0.051900 
0.093946 
0.270960 
0.137389 
-0.243458 
0.283423 
0.125669 
-0.021100 
-0.036111 
-0.027358 
-0.197998 
-0.002687 
0.080769 
-0.084249 
-0.099825 
-0.007004 
0.278928 
0.144497 
0.248195 
0.146547 
-0.068691 
0.098565 
0.197274 
-0.005699 
-0.266144 
0.244448 
-0.105050 
0.076890 
0.109840 
-0.164802 
0.212225 
-0.248973 
-0.099139 
-0.004140 
-0.095344 
-0.001722 
0.113353 
-0.081363 
-0.328501 
-0.184967 
0.304787 
0.147928 
0.079683 
-0.239587 
0.166485 
0.116016 
-0.100936 
0.243691 
0.320865 
0.115678 
-0.452367 
-0.255917 
-0.237362 
0.023117 
0.197552 
0.062749 
-0.291237 
0.207939 
0.191744 
-0.115326 
-0.203743 
0.074826 
0.253735 
-0.229150 
0.188644 
-0.042479 
0.038887 
0.201190 
0.199482 
-0.040820 
-0.151317 
-0.345942 
-0.046537 
-0.354419 
-0.142250 
-0.192922 
0.096906 
-0.086539 
-0.226142 
-0.093263 
0.155134 
0.152144 
-0.196186 
-0.040088 
0.060668 
-0.208268 
-0.159340 
0.017025 
-0.227070 
0.043768 
-0.073611 
0.241272 
0.216467 
0.193335 
0.030006 
0.026062 
-0.001510 
0.025980 
0.323649 
0.041505 
-0.195151 
-0.100737 
-0.254123 
-0.221910 
0.172067 
0.091903 
-0.281295 
-0.206850 
-0.125920 
-0.009712 
-0.190720 
-0.148859 
0.371349 
0.128990 
-0.228554 
0.191251 
0.281218 
0.064730 
0.176602 
0.106973 
-0.114994 
-0.018114 
0.266419 
-0.134847 
-0.001409 
-0.283125 
0.316729 
-0.296754 
0.190840 
-0.219765 
-0.069827 
-0.075270 
-0.246007 
0.099748 
-0.052256 
0.247643 
0.149891 
-0.030053 
0.095027 
-0.065467 
-0.058941 
0.412128 
-0.048043 
0.313120 
0.086987 
0.362121 
0.190123 
-0.005053 
-0.510741 
-0.055253 
-0.154604 
0.172312 
0.352939 
0.100385 
-0.173012 
-0.101777 
0.120694 
0.076347 
-0.079867 
0.161960 
-0.230636 
-0.241972 
0.086043 
-0.157057 
-0.195270 
0.204443 
0.131722 
0.152896 
-0.173865 
0.236263 
0.280012 
-0.150292 
0.325740 
0.099771 
-0.019373 
0.008847 
0.011740 
-0.217072 
0.039115 
-0.114217 
0.093509 
-0.125155 
0.333947 
-0.138223 
0.249003 
0.265711 
-0.029869 
0.167734 
0.014586 
0.014075 
0.205475 
-0.040482 
-0.006760 
-0.107461 
-0.043483 
0.159017 
0.052109 
-0.019536 
0.110345 
0.049109 
0.114876 
-0.049101 
-0.305023 
-0.162993 
-0.051661 
0.095468 
0.098870 
0.275262 
-0.376517 
0.062702 
0.203663 
-0.289821 
-0.216138 
-0.501320 
-0.084802 
0.070254 
-0.024260 
0.068970 
-0.073718 
-0.141788 
0.186276 
-0.145714 
-0.226074 
-0.029100 
0.063455 
0.114580 
-0.268952 
0.140166 
-0.043824 
0.416359 
-0.048186 
-0.075334 
-0.217151 
-0.166896 
0.175853 
0.203226 
0.228721 
-0.188287 
-0.130445 
0.079371 
-0.279362 
-0.196562 
0.232721 
-0.015707 
0.204001 
-0.248008 
0.118046 
-0.129377 
0.029961 
-0.264160 
-0.186515 
0.157181 
0.092255 
-0.233360 
0.133323 
0.118462 
-0.201521 
-0.071594 
-0.079842 
-0.266958 
-0.506888 
0.243885 
-0.353622 
0.049036 
-0.023147 
0.329456 
-0.005876 
0.024492 
0.252964 
-0.108683 
-0.191547 
-0.010065 
-0.073270 
0.104851 
0.106694 
-0.547631 
0.186941 
-0.080443 
-0.031632 
-0.066366 
0.352256 
-0.322589 
-0.251769 
0.142693 
0.000846 
0.036930 
0.069695 
0.209421 
-0.028004 
-0.269085 
0.155387 
0.032825 
0.168880 
-0.607111 
0.138400 
0.143134 
-0.059033 
-0.283362 
-0.024898 
0.144228 
0.269682 
-0.084406 
0.168988 
-0.023392 
0.201427 
0.107023 
-0.030042 
-0.125998 
-0.214234 
-0.194244 
-0.013569 
-0.290355 
-0.156276 
-0.099732 
0.225310 
0.000060 
0.035403 
0.070877 
0.171469 
0.351108 
-0.038430 
-0.181306 
0.051343 
-0.165094 
-0.090767 
-0.032304 
-0.135869 
-0.113384 
0.107606 
0.252311 
0.388485 
0.046492 
0.133861 
-0.085472 
-0.187155 
0.316002 
-0.014969 
0.299446 
0.131898 
0.121969 
-0.197171 
0.114146 
-0.085371 
-0.040780 
-0.223273 
-0.004865 
0.267934 
-0.017906 
-0.113366 
0.214367 
-0.069384 
0.045084 
-0.059340 
0.139933 
0.348458 
-0.018279 
0.080756 
0.163182 
-0.189780 
-0.204292 
-0.084918 
0.185688 
0.102076 
0.248125 
-0.152743 
0.135611 
-0.250220 
0.117327 
-0.044166 
-0.196874 
-0.026375 
0.189454 
-0.211408 
0.115072 
-0.278898 
-0.354182 
-0.317401 
0.123698 
0.037795 
-0.118173 
0.171696 
-0.177940 
0.168363 
-0.044888 
-0.063465 
0.064407 
0.142952 
-0.406081 
-0.188203 
0.257120 
-0.121891 
-0.042768 
-0.098358 
-0.199070 
-0.118273 
0.017193 
-0.046994 
-0.177908 
0.101877 
0.347725 
-0.043787 
-0.142469 
-0.376453 
0.036353 
0.204022 
0.091870 
-0.019705 
0.180113 
0.194443 
-0.146617 
-0.201859 
0.269821 
0.021502 
-0.251743 
-0.152318 
0.017482 
0.263198 
-0.159994 
-0.125087 
-0.249693 
0.034862 
-0.026498 
0.407959 
-0.403801 
-0.319170 
-0.117332 
0.062168 
0.131294 
0.022897 
0.018589 
0.193990 
0.047520 
0.342901 
-0.066146 
0.028571 
0.095272 
-0.264557 
0.307379 
-0.190930 
-0.093548 
-0.155821 
0.038533 
-0.218324 
-0.185367 
-0.278200 
-0.073593 
0.226835 
-0.260014 
-0.469727 
0.059078 
-0.360811 
0.075012 
0.127476 
-0.121683 
0.114353 
0.254173 
0.036161 
0.310474 
0.131120 
0.033477 
0.014161 
0.124227 
0.277907 
0.089764 
-0.002516 
0.159581 
0.067532 
0.116570 
0.009457 
0.037476 
0.102184 
0.072901 
-0.259301 
0.069991 
0.200244 
0.251115 
0.258413 
0.075527 
-0.043442 
-0.110808 
-0.229509 
-0.102166 
0.048840 
-0.129191 
-0.066927 
0.357748 
-0.110385 
-0.200965 
0.057324 
0.198752 
-0.125548 
0.270997 
0.127335 
-0.228816 
-0.262268 
0.008563 
-0.020090 
-0.064139 
-0.281318 
0.138675 
0.320800 
0.122510 
-0.249613 
0.054677 
-0.091319 
-0.007882 
-0.040302 
-0.243791 
0.077248 
-0.034237 
-0.089491 
0.418828 
0.193119 
0.094329 
0.173844 
0.436004 
0.046440 
-0.035163 
-0.219693 
-0.085751 
-0.119243 
0.179811 
-0.435532 
-0.082736 
0.184135 
-0.382602 
0.310287 
-0.365968 
-0.256730 
-0.152397 
0.068043 
0.331896 
-0.122601 
0.537964 
0.166930 
0.139155 
-0.387308 
0.002152 
0.182817 
0.083478 
-0.020591 
0.107435 
-0.338396 
-0.059062 
-0.173303 
-0.165345 
-0.077563 
-0.330648 
-0.209275 
-0.094147 
-0.160299 
-0.260398 
0.061382 
0.014428 
0.217679 
-0.119024 
0.025020 
0.010507 
-0.087156 
-0.146729 
0.013261 
-0.245111 
0.033665 
0.214665 
0.231718 
-0.049184 
0.163943 
-0.258436 
-0.062413 
0.077943 
0.192738 
-0.262472 
-0.063931 
-0.046683 
-0.075328 
0.107031 
-0.284572 
0.106974 
0.127153 
-0.083806 
-0.033872 
0.174212 
-0.067314 
-0.166406 
-0.231279 
0.322100 
-0.006880 
0.053961 
-0.119036 
0.062291 
0.156540 
0.022848 
-0.157285 
-0.136013 
0.078488 
0.177188 
-0.002355 
-0.051656 
-0.047587 
0.144086 
-0.128487 
0.081075 
-0.009895 
-0.108483 
0.146620 
-0.405225 
0.028905 
0.108993 
-0.045337 
-0.232469 
0.166204 
-0.010241 
0.372493 
-0.018158 
0.104446 
-0.323203 
0.257548 
-0.016478 
-0.004001 
0.196992 
-0.147006 
0.352273 
0.164177 
-0.060121 
0.006245 
-0.125225 
0.208002 
-0.130777 
0.027473 
0.173563 
0.208894 
-0.064817 
-0.358039 
0.097056 
0.012094 
0.091903 
-0.187519 
-0.191484 
-0.069651 
0.383196 
-0.198735 
-0.172431 
-0.205714 
0.091145 
-0.365932 
-0.187289 
-0.175338 
0.331134 
0.264420 
-0.043223 
-0.025804 
0.046526 
-0.207755 
0.293926 
-0.199725 
0.428142 
-0.286848 
-0.003886 
0.112987 
-0.151812 
0.056964 
-0.048069 
-0.108600 
-0.076247 
-0.287890 
0.056870 
0.013547 
-0.129798 
0.138223 
-0.129548 
0.213995 
0.002800 
0.350252 
-0.025271 
-0.068040 
0.272615 
-0.309469 
-0.031258 
0.023720 
-0.007174 
0.040696 
0.019421 
-0.242470 
-0.278046 
-0.179094 
0.006968 
0.331434 
-0.077511 
0.068249 
-0.072104 
-0.353786 
0.201714 
-0.290153 
-0.110823 
-0.342892 
0.265512 
0.369302 
-0.253149 
-0.404723 
-0.295117 
0.108886 
-0.095510 
0.013536 
-0.257970 
0.275564 
-0.051358 
-0.232924 
-0.095789 
0.169977 
-0.055108 
-0.047923 
-0.028991 
0.173031 
-0.070903 
-0.175031 
-0.075180 
0.221751 
0.381039 
-0.065576 
0.247273 
-0.236889 
-0.152600 
-0.259965 
-0.003610 
-0.183933 
0.087846 
0.169614 
-0.035104 
0.016584 
0.196672 
-0.091048 
-0.222959 
-0.107066 
-0.182982 
0.055294 
-0.274606 
-0.117881 
-0.008942 
0.183183 
0.251727 
0.142388 
-0.173788 
-0.007513 
-0.360249 
0.128763 
-0.206469 
0.078545 
0.075130 
-0.444735 
-0.258927 
-0.162724 
0.030767 
0.199295 
0.062787 
-0.198189 
-0.148663 
-0.077843 
-0.064465 
0.097575 
-0.062682 
0.327750 
0.125503 
0.247451 
-0.147678 
0.011943 
-0.367848 
0.362013 
-0.185351 
-0.093335 
0.323522 
0.227767 
0.114473 
-0.094912 
-0.394477 
0.346159 
0.226562 
-0.038570 
-0.073039 
-0.120959 
0.271396 
0.185564 
0.263898 
-0.134306 
0.000072 
0.182365 
-0.357158 
-0.167604 
0.034516 
0.123539 
0.166068 
0.245478 
0.017477 
0.229909 
-0.330840 
-0.071121 
-0.170688 
0.225492 
-0.111825 
0.007294 
0.032856 
0.043043 
0.032128 
-0.047140 
-0.089543 
0.249190 
0.250271 
0.313788 
-0.233984 
0.109707 
-0.045586 
-0.069938 
-0.413490 
-0.449842 
0.093046 
0.365189 
0.140856 
0.026263 
-0.045364 
-0.260622 
-0.042033 
-0.091161 
-0.077300 
0.054816 
0.231848 
-0.221844 
0.144733 
0.436928 
-0.258149 
0.007909 
0.128618 
0.080550 
-0.589183 
-0.324054 
-0.015274 
0.030099 
-0.203557 
-0.029838 
-0.083778 
0.073970 
-0.102330 
-0.252965 
0.077786 
-0.047483 
-0.067209 
-0.311345 
0.129415 
0.100157 
0.279598 
-0.292034 
-0.152354 
-0.153990 
-0.107914 
-0.294841 
-0.114208 
0.239189 
-0.111299 
0.381096 
0.011058 
0.220493 
0.217265 
-0.237682 
0.079647 
0.082556 
0.102848 
-0.106673 
