111011111010110001101000
100000000110000111010110
101110000010111110110011
111000110101100111011011
001110010110111101000011
010001000110000011001001
101111011001110111000100
100010010001010100100011
011100111100100111100100
000001111100110111010000
101010010001000101000101
110111001101110101100011
110001110001000110110001
000101001010100100000000
001001000000111111001010
100111100110111101100000
100010000000001011000110
111110110001011111110100
101001110111001101010000
011011010011010110110000
111010011000011111010101
111001110110001001010010
101001110011011001010101
011000000000010001011010
011000001001100100010000
100101111100010010101100
110101010010010011000111
001100011000100010101111
101010111011111111010011
110110001000111001100000
110111010111010101001010
110101110111011100001101
011010100101011011011001
101010111101010010101010
101100011000000011101011
011101110101100110100101
111101100000011010101111
001111000010000011111100
100101100011100000111000
101101110010000000111010
000100100001000011011111
110100101101010100111010
011101010000111011011010
000101110010010000000111
100111101100000110011101
110001101101011100000100
101001010100101001001111
001110000001100110001011
010000010101000100111000
010110010001000110110000
101010010010111100110101
111011010100101101001110
010011010011100101101001
101101001101010110011110
001010000010110100001101
110010100100011111011010
001011111001000010111011
110011110000110100000001
011100010101010011001101
101111010010100100111010
001100101110001100111100
101000111101000111001001
111100011111011101110001
001001010110001101000011
100101011100101001000100
000000110001001101010111
101111111100101000010111
111000000001001010100111
000101101111010111110110
011111101100010001001000
100010011101000101101000
110001000000001111110000
110011010101110001100110
101101001100010111001101
001000100011101000100110
001101110011000001101000
000010010001011010111000
100100110001101000000000
101001110100001010010010
001011110000010000110000
110101010111001010101010
010101111000110001010010
011100101010111110011110
010000000110111001011011
100001101111010111101000
001111100111110101010010
110101100011010110100001
010011010010010101101100
101010101011101000101010
001000101111110111111111
101001001010101101111101
010100011111001011011101
101011011011000011110000
101011011110101110011011
101001101101010000111011
111011110100001101100010
011000010100011110110010
111111111110000010001010
000100010110100101010001
100101100110101000111111
111100011010011100010000
001101000101111011000111
011110110101011110011110
110110111010110011111110
100111011000010110000010
110000101001011110001100
011111101100101010101001
010101100110011001011011
010000000000010001110000
010000111011100110100001
011110011100011110110000
011000100011001000111001
001001000001001011101011
011001111001001100001001
010011111000101101100100
000110110010010101100000
010110110111101101101001
101010000010101010001110
110100101100101100101111
000000011010100000111100
111001001010110100110000
110001111101110001100011
011000110111001011000011
110011100101000110000111
010100111011101001100101
101011101110000010100001
010110011101111010010010
110010111100101101001111
100001111111101001110110
110111101111100100011011
111000101001101011100111
010110110100010011011100
011011000010101110000100
110000011011101011000111
000101000000101011111110
110100111100100001000110
111110010111111011000001
001111100011101101100100
001010111011101011101011
100100000101101100100100
011001101101110111010000
001110001000111010001000
111100010111101111000011
101011000001111100111010
111010100111101100001001
100000000010111011100101
000010111110101000100011
000100000111011000100111
100100001010100000111111
111000101111111001011101
000000010100010101100001
010111100101101011001001
001111111001111010000110
001111101110011100011110
010110010001001001101011
101111001011001010001110
110101100110100001010110
011101101101000101001001
101001001011110101001011
100110101000000100110111
011010001001110100000101
100111010111110011010101
001111101000111011111101
001110011000001110100000
100111110100100111011010
011111000010001011001011
101101010100100011110010
101111111110111100110100
111111000111101000110011
110010101111000101000110
001101110110110001110101
000100101111111000111111
001101100000010111000000
100110011100111011001100
110100000101101000101110
011011011010010000111111
011001001001011100010100
000110010100010011000001
111111110010010000111101
010100110110000100110000
010100001101011100000111
101001000010010111011111
000110101100101101000000
010010100110001011100011
001111111010001101001111
100000101000001110111000
101100011000001011000110
111000101000000111001001
111100000101001001100100
011001000110110110000000
011011100010011100110011
000110100011010010010010
001110101001111000101000
011001001111010100011010
110111001010000101111110
101101000010010011111001
000001111100000010000000
011011010101110100110000
101101011011111100110101
011110110110010110001111
111010101001011011010010
110001001100011100100001
001110110001000110111010
000010001011101101101111
111000000000011101101111
111000011110010101011100
101101111001011111000011
010110000101101110010100
100100100101110110000101
110111001100111000010010
100111000000110111100010
011010011110000001101010
100010100101111011000100
101110100101100110010101
110110011110101010110111
011001000001011101110000
111110111110010011110100
101101011001110000011110
110100010111001001111101
011001100011011110010111
100000011100100111100110
101011001000001111001100
010001001000101010001001
101011001111001000110101
000000011110000100000101
110010110011011010100010
010111111000110101010111
010100101100111111011110
011111111011001011001101
110111111110001000001110
000000100001001001111011
001111111001110110011011
111001100110000011010111
011011101000000011110100
111011010111110011010011
100010101100111011100010
101010000101010101100101
110111001000000110001100
100011110001000100001100
010101111110011001110111
011000111101010111111010
100011110001001110110010
101100111101011010001101
100101100101110111011100
000100101011010011101000
111011111101111010011000
100101101011110001101001
010001101001010111001100
001110111110001010101010
101001010010110110011111
000111011010011011110000
010011000101011101001000
010100011111101010101001
110111100101111000111011
010011110101100000000110
100011111000100010111010
100101110011101101110010
010011100011101011011100
000011000000011011110001
011001010010011011011101
101011111101010111111010
010101010001110000100011
100100000000100100101001
000110011001101110001001
100011110110000011100011
101110111100100011010000
101110000011111010101101
110000100101111000111100
000110010110101011000001
001100011110010111111010
011011000001000010010100
001001111101001111001011
001000100011011001110011
111001101101110000111110
110110111001101110001000
111101000011100010001000
010101101100010001011010
111000111101011111101011
011000111100000111001110
010011111011101100010101
010100100111111100010110
010111010110100111000110
110101101011011111111000
100100000011001000010000
110001000101000100011011
100101111011001010101010
001010111101101011111001
011100011110010111111011
001010000000001111011011
111010101001011010010011
101111011101100111101010
110110011101101010010011
001100110010001000110000
111111010001110010001111
010100100000001111101111
110101000111100001111010
100110000001010011001110
010101001110111001010111
111011010011101010111101
110000011100011101110100
000110110001101111001000
000100111011111001111100
011101100010000101011111
100100000011100110010010
001110000010110011010101
011001101110101000011000
101100011111011110010111
011001011100110110010001
010100100101010011000001
001010100111101101100110
001010000001101111101011
000010010001100101000100
101001011110010111101001
000111011000100100010000
110111111011100011100011
111100000101000011001110
000110010110001011100000
011000001100001010010001
100111011010110010000000
011111000101100101101101
010110110111010100000111
111100010000110100011010
010101001110010100001001
110010101110101011000110
000000101100110010110010
010000000101000100010100
111000010101110100010110
110001000010101000010010
110000110011101000000011
000101010010011011011111
111100010111000001011001
111100100100110001101100
011110101000101111110100
010010101001011010100010
101101100010001100001111
011100101101010110001010
100011101111110100110101
100001100010000101110110
101101010101111100111100
110010110101011001001001
110111011011010000001001
010110011001110111001110
011100010001011100100010
100100000101010100101001
111010001101100111111101
011100101000110000000001
101110010000110101100101
100011000010110101000111
100000011101100101011110
101110000100111111010011
001011000110011010011111
101000011100000101000000
001101000101000000011100
111000101000011111011011
110111001011011010111111
011101100110110011100100
100101100110101011101011
110000010111001011111110
111010011010000101010001
001101000011010010100100
001111110111101110000101
100010011001010101110100
010010000000011000100110
110100010010010011001111
111010100001011110001011
100101101000000011010011
110110010111000010110001
101000010010000111100111
110011011110100001100011
011100100011101101001101
010001010010011100011101
010100100100000100110010
100111010110001001100011
101101000000110000101011
000101111011010010000101
100000101011110010101010
110001011001010110001100
001010010011000011010101
101100110110010001011001
001011111000101110000010
100110110111011100010111
111100100110111001000011
101000001000010110110001
000001010000111111110010
110000011011101111110100
101010001111000100111001
111010111111010110000011
000011110000011001110001
110011001111100000010000
001111000100111011101000
110101110001010110110000
100010110111000011110101
111010000111111011010101
110100100111101001111010
110110111011101001111100
100011011110000101010101
001111111001111000110010
100101000110100110101111
110010101110010000011010
111010101010010000111001
001100110010010011100101
101110101010010111101101
010011001000101000100000
010000101100001101011010
110101110011101110010100
101110110010010011101000
001101010111001010110101
111010000000110011100111
011100011110101010000111
001001110101100000010100
100110100111100010110001
010001111110001001100000
001100101000110101001101
100110111001011101110001
101101001101001011010111
011011101111100001101000
101101000110011110011111
100010100101111111111100
000010101101101010110001
100000010001111100110011
000100110110110111111000
111100100011011000101101
010110001011010011111111
000101111110101000101000
100011011010010010100101
001100000000011000000111
101000001110111010000001
011100010000011101010100
100010011111101010100100
001101001001100010010110
010001000000110110011111
001100110111111001111011
111001010000111101011010
011001001011111000100001
111110000100000101101111
000111011001011101001110
101000010111100000001011
010101011101001011110011
111100100101111110101101
011010111111000011011001
010001010011100100010000
101101110001000001101011
101001000010101111100111
100111001110110000111110
101110011000011011001101
101110001100111011000001
101110001101000111010010
111100100111001000000101
110011110100100011110110
010100010111011000010010
000101100101100000000000
010111110000011011011111
001111000100100000000101
001100111011110011000001
010110101011010101111011
101000100100100010111110
101000001110010110000000
111101010001101000100111
110010100001110011011101
001010111011111001000011
101110110100111001000100
101101011000001010001110
000111000010000001111010
000111001100000011011100
011111101011100110101011
011111010110000111100010
001110010000110000101100
010101000001000110011001
110111011001010011101100
101001010110010001101100
010010000101000100111001
001001010111110101111101
011111011101001000000000
010001100110100010110001
011110000110111011110110
101001010101011100000100
001101111101001010101011
110010011001100000000000
000110100110001010011001
111101111101011110011111
000100011001001000010011
011010100101010000111000
111010101010011111011110
100101101011101001110011
010001000111100010011101
110111110100001010010000
111111010000111010001010
110010101111100100101010
000111001011011111000010
010110010110001001100110
001000110111101100000100
111111110111010010111011
011010111111000010011011
110110001110000011110100
100001011010011011111001
100011000101111001100100
010010111101000010100000
011110001000110001100001
001111011101110100011110
110001110101111001111100
001101101100110111011010
100110010001110111011111
011010011111101010110110
010010001110000000011000
101001101101110101001100
111010111100110001100011
011101000111000010011100
101100001000001000111110
110001011111111010101110
100011011100001111111111
101001011111111101110101
100101001001110110000010
001101100010010110110011
100100011110110011010001
000001100010111001111100
010001110011010111110111
100100100100110101101011
001010010100110111101001
111011110101001101110111
111001001110100100110101
000110101011100100110101
011111110000111010100111
101000001011011101111001
101100101010111111001100
011000110100010010010110
100011110110011100110000
100101010101000100101000
000101011111100100101001
100010011011010100101100
100110101000000100100011
111001100010111101001000
000010011010011101110001
101101110100010000011000
111000101011101100011111
011010011110110110000111
110111001011010011000010
000010101010110100110100
101011101100110111001011
110101110110110010111100
010110011110110100110110
011101101101111001101000
000010010110001110101000
011000110011101011100000
001111111110110100010001
101000111100011000010001
100000010010110101000110
010010101000111110101001
000000111001010100010011
101110110010010100100000
001101000010000011100100
001001101001011101100001
010111100011111110101001
110110010000100000001000
110101001010010100111101
110010110011010001110101
100000110110100111111100
110001111001100101000101
010110111001101001011001
101001101010111010100011
000011010111000001100011
100011111001110101011111
010110001010000110111011
011101100111100110000100
110011010001010011010010
101110111011001111010100
011011110110001010010001
010101111001011011110100
010001111010000001011001
000000011111001000001100
000101010001101011100011
000101100010001001101000
111010111010011110111001
010101010100010100111110
101001111011110111101011
100110111111111001011000
000001011111001010000000
000011011000010110010010
101010011110100101100001
101001100011110101100100
100011110110110011011101
111011101011100110000010
111111010110011100101000
100000010101100010000101
110000101110110110000001
110101111011001101010101
100000110111000111001100
001100110110100101010110
010110010110011110010000
111010111010101011000110
010011111001110011111100
011111010110101100100010
111011101110010101111010
011101100101000011111101
111011110110110000011001
101101010001101011101010
101100111101001001001001
010000011000011100100101
011100011011111001111011
010111000100100001100001
111010000001110111100101
011100111000111000011111
111110000010000001100111
001101010001000000101110
111111011001101111000100
110111011001101110100101
000111010010000100001010
001001110100100001100100
101101101100011101111100
000011110000011110010111
011101001101000001110011
011000100011110110011100
011110001010100100011011
001000011011111000001101
111001111110101000100000
111100011001110011001110
100000011011110111100100
110101011011011110010000
010001010000000011111010
001001010110011101000010
111100101011000110011000
011100001011010110110111
011110101000010011111011
111111011111111110010001
111100010001001010000101
010011000011001100110101
100111101101100010101110
010100111100110111110001
001111110000110010110001
000101100011100111111011
110011011001000010001101
000101011100100001001100
000100110010101100001110
101101001101101101001100
100011101001111001011111
101110101100001010111000
011111010011000000111010
010011100110111101111111
100010110000000101001101
000010101101101010011010
110000111100001100001111
000000100101010101101110
000101010000010100111101
100010111010101101100010
011000000011010101010110
111110111110010000101100
101100011011011111001010
011110110011100011000010
011001110001001011101101
001000001011100000111100
110111100111010000100101
011011011010100011011100
011001100000010011000000
100011010101001101111100
100101101000111001010100
101111010001011000110000
110101011001101001001101
010110101011001010101010
100000111101110000000000
110000100010101010101110
001110001010010001000010
100101101010100000101011
010111001010110001011111
101010101010101000100010
111100111001100111111001
110010001010010110010001
000011000011100001100110
011110001011000001000010
101001100001011101001001
010111100100101000011001
111111010000100100100001
000101110100010110100001
100000001101111000010101
111111000100110101101001
001110110100000000100100
000010010111011011110110
011111001000110000011001
000000000110010110110110
100011001011101010111000
100111000100011101000111
111110001011001000010100
101010100100010101101110
111101001001110011110101
000111011110101101000100
100111010110111110001001
100101010010001101011100
100001001101110111010101
100101100101010001101110
111010100000010000100000
111100010010100010001101
010110110011000011101101
101111011001001110010100
010101111110010111011001
110111111111010110001101
100001001101111000011011
001111110000000101110000
101010100001100010101000
100001010001101110001000
000101011101100011111010
010011001001000110100010
001011100111110110011001
110011000101000101001100
000010001111101101001110
101011001011100110010011
000010000100001000010010
101101100100111110001011
001011110011010000111110
111000110101111010000010
101110101100011011000001
000100110011101111101110
101000010111101000111100
110010001110110001101001
100100111000111011110000
111000111010101111111001
010111101101011110101011
000111001001101001100110
110111011110001110010011
001001010010100010001001
000111011111100000011101
110101100111001010100011
101010100110000101010011
011100011110100111110111
000000101000110011001010
011101000010011010010000
111110000100101110100111
011011101101001010011100
010010101010110111111101
111111101000100011011111
100000111000000000000001
101111010111111010111100
111100000001100011111000
011000110101001010001011
011010011100100010111110
000111111010011111101111
111110000001111001010001
010100101111101110001000
110111001101011001001101
001010101011000010000010
110110010010100110101010
100111111010111101010010
111101110110011111010110
100010100100000111101110
000010111111010111110100
011101100111101010101000
101011110100000101111000
100010101100001000000101
111100100001010110011000
111001010100111101010000
011110000101110101111000
001010110101101010011000
001110101110110010100100
100111000001001001001111
111111101011011000100001
011011001110100011011010
001011000001000100101111
111011000110000101111010
110100011001111011000110
011111011110010101110101
010000010010000011001100
110100110101011111000111
111000001101000100101101
000100011000001111100100
001110110111101110101110
111010001111001010001011
000111010001100001010010
011110001101010110010101
010110110010110100111011
111000101000100001000100
110001011110101110001111
010101011001111101010001
111111100000001111001010
111110001000001010111100
101001010010111001001011
100110011010110010011101
110011011000111011001111
011110111100001110101010
100100111110001101100101
110000110011010010010100
110111001110001011011101
001001001011001000011010
100110001010101001000111
100001100101000110110111
110011111100101000101100
011101000100011011010111
011001111100000110100011
001110100111100000110101
001001111101110011111011
000111011100000001001000
101101101010111101101011
001101010010111001010010
101011111111111101001100
011001001101000000100011
100011101110000001010110
110100101011001000110000
010110100111111010111001
100111110001111011100110
010000000000001011111001
111110010000000010111111
110011010111001110010010
000110100011000111001001
101101100101111101010000
001100100001111110100001
110010111100100000010100
101100010001100011101100
110100101011101011101011
011011101111000011101001
001010101110100100001101
010000000101101111000000
011110010000100100100110
111011011000101110000010
110011010111100101100101
010110101100100010001100
111001011010011000001000
001110111111111110101001
001001000001111010010011
010111011000000000100011
111001000000010100010010
011111100110000011110011
110100001001011101000110
100010100101010101011111
110110001000100000101001
010101001000001110111010
010100100110100011011110
110100111110010001110000
011010101010101010001011
001000010001011001100000
100100100110001100100011
001011011011111111000110
110111000000000011101000
101001110100101110110000
100011001011010000111110
010100000110000001000101
011000110010111011101011
100000110001010000110111
101111111111000010110010
100011011010110101111010
110110100000111110010001
110111111011000001101000
001100110011110111110110
111100010000001110111010
011000010000101001110100
101101000001010000110010
100110110010011001001100
101111000011101100001011
000111000100100011011111
000110001000011100001000
000010001111011100100110
001001101110101000111001
010000100011100011000000
110011100100110110100011
110010110101000000000111
000001001011110010011001
001110000110010001010000
011010010101000100010110
110100101110010100010001
101110011001101110110010
100111011011101000101000
110100101111110001111000
100010100110011100010011
110101000110101111011111
100110111101000110001010
000101011100001111011111
011000101101011001001111
011001100000100000111001
000010010001000100011110
010000010101001010011110
111010101010111001001101
100001100010110100111100
101100110011111001100110
101110100000001000111001
000011101110010000010101
100100111011111101011000
111010110111101000000101
000100111110000001001011
010101110100110101110001
001011001010001000111000
010011111010011110000011
100100110110101100100100
000100100011000010000101
100110110001110010100011
001101110010101001010010
110100010100111100110100
001100000100011100101100
011000000110011000011000
100000001101001000101101
111011011110111110011100
110101101100010001111011
010010010010010010101111
010001010110100000100110
001010001001000000100001
111001000000000010010110
101111001110101000100011
100111110110010011000000
101101011001110011111110
000111110100101000100111
000101111010010101010000
011101110110111111010011
000000111100110010010101
011100001110110010010001
101110110001111110100110
000011110010001001011010
100101011000000100101011
010100110001001101001001
101011001110100101101000
000100000100001100110101
010100000100000101101011
011100101111001101000100
001001100100101011101000
101100101101100110111110
100101010001110111010011
110111011101101010000010
011110111111111110010100
110001111011110000101100
101110100011110111110101
101000101100101110000001
011001101101010101011101
111011100100111001000011
000011111010010001000111
100000111010111101000000
111110100011100111111100
010101011000001111010010
100011101100111111010111
110100100000100110111101
111000101100010010101110
001110100000111010001001
011101111001110111110100
011110000110000101110110
001000000110001000000000
010110100000000111010001
110010011110110100101111
111000001001110111110011
101110101111011101000100
011110111101111000001011
100000011101110100001100
001100011000010110010000
111000010001010101000001
001101101100000111001000
101000001011000010100101
100100111101101100010000
000100010111011100100011
011001010010111101000000
000111000110011100000101
010011100101111000010000
100010001011010100001011
000111100101100001000101
110111001000001100110110
101000111111010110101000
101000001101110100111110
100010010011100000101101
111001101110000010101110
011110010010010011011111
011000111101111000001110
000110011001011110000110
111001011011000111111110
100001001100110011010001
010001011011000010100000
001100011101011101100000
100010100100011011010111
001110111111001010000110
010011111011010000011100
100100001001010101001100
111111001001001001010111
011111100101100111001110
111000111100001100011011
001100111010010000000100
101101101111110000011011
111111111101101111011010
100011100011110111001101
100010010001010111000011
111111010100001100010101
110010110111101011011110
100100001001011111101000
001100110011111010101011
110100001100110001100111
010010000110111010011100
101011100100010100001110
100001100011110010100101
010001101100010010010101
111010011011010100111001
111110110000101000001110
101111110010111110011011
110111110111000001101011
010101110010110000011110
011000010110001111011101
101111011111100111101101
001100100110001100000011
110001001011100100011101
111100001101011111000110
100110001010001111100001
110011001001000111110010
011101101100101010001001
111010101010110000011011
011011000001010000000011
001000000110010010100011
001100111100111000100101
000011011111011011111101
111000011011011101101011
111101000010101001010101
011010000100010100111000
001011011101000000001111
100111100000011100111011
