-0.127551 
-0.997014 
-0.561044 
-0.223820 
0.448708 
0.534204 
-0.518623 
-0.929042 
0.904599 
0.060968 
-0.679160 
-0.274494 
-0.444773 
0.161407 
0.281732 
-0.762226 
-0.937415 
-0.038332 
-0.691793 
0.853201 
-0.175542 
-0.192312 
-0.693654 
0.750133 
0.754671 
-0.814311 
-0.334815 
0.386984 
-0.658208 
-0.308155 
-0.269858 
-0.316679 
0.830775 
-0.657573 
-0.613253 
0.932423 
-0.077921 
0.469757 
-0.826409 
-0.569329 
0.141140 
-0.352868 
0.914516 
0.180787 
-0.759716 
-0.446563 
-0.708670 
0.438280 
0.510291 
0.695852 
-0.678247 
-0.146139 
0.603315 
-0.587231 
0.313875 
-0.419682 
0.371604 
-0.382416 
0.885400 
-0.522179 
0.397560 
-0.720160 
-0.109636 
0.292092 
-0.829765 
0.024028 
-0.501645 
-0.249431 
0.179381 
0.990365 
-0.923297 
-0.468630 
-0.395618 
-0.587714 
0.267400 
0.431165 
0.071006 
-0.850769 
-0.693281 
0.367315 
-0.332438 
0.683970 
0.895984 
0.503368 
-0.945621 
0.488199 
-0.326488 
0.602705 
-0.666194 
0.273376 
-0.713517 
0.640224 
-0.643038 
-0.641247 
-0.696648 
-0.130756 
0.760000 
-0.000960 
0.136027 
-0.824883 
-0.112089 
0.409142 
0.963611 
-0.283783 
-0.769363 
-0.479750 
0.990560 
0.674999 
0.500135 
0.529102 
0.951406 
0.767158 
0.281827 
0.809175 
0.621441 
0.212078 
0.714704 
-0.686201 
-0.353174 
0.012947 
-0.213465 
-0.438587 
0.776940 
-0.388137 
0.654126 
-0.633770 
0.702105 
-0.407858 
-0.937669 
-0.258023 
-0.229648 
0.713039 
0.845078 
-0.486488 
0.156585 
-0.345451 
-0.050819 
0.486187 
0.341642 
-0.872219 
0.803644 
0.441850 
-0.113411 
-0.655297 
-0.168120 
-0.998569 
0.093083 
0.128606 
-0.869866 
-0.226612 
0.009930 
0.737146 
0.497025 
0.491428 
0.695875 
-0.525801 
-0.324941 
0.928262 
-0.712973 
-0.792932 
0.817292 
-0.769628 
0.488739 
0.449329 
-0.755559 
0.969812 
-0.583711 
-0.500513 
-0.027521 
-0.414512 
0.432997 
0.148384 
0.422050 
-0.798377 
-0.372248 
0.856575 
0.785861 
0.197411 
-0.006707 
0.651403 
0.631562 
-0.717594 
0.209328 
0.581143 
0.497171 
-0.980355 
-0.613197 
-0.230414 
-0.122486 
0.784592 
0.860571 
0.204729 
0.457952 
0.788730 
-0.276322 
-0.592622 
0.060562 
0.854406 
-0.580102 
0.964037 
-0.167272 
-0.462673 
0.461478 
0.068220 
-0.249773 
-0.235188 
-0.565681 
0.690295 
-0.856521 
-0.274961 
-0.780826 
0.827161 
-0.918983 
-0.544141 
-0.297525 
0.781965 
-0.032075 
-0.581173 
-0.363694 
0.798571 
-0.986026 
-0.652228 
0.535478 
-0.648858 
0.014680 
-0.412395 
0.746501 
0.646969 
0.997644 
-0.250914 
0.016189 
0.496997 
-0.200170 
0.863310 
-0.144628 
-0.915561 
-0.684894 
-0.277297 
-0.882292 
0.686721 
0.779968 
-0.882211 
-0.595015 
-0.825261 
0.146146 
-0.126019 
-0.822375 
0.551446 
0.467855 
-0.709545 
0.231657 
0.596414 
0.640462 
-0.262749 
0.619874 
-0.878640 
-0.818498 
0.611171 
0.093962 
0.790249 
-0.626282 
0.664921 
-0.874720 
0.200059 
-0.879856 
-0.532934 
-0.560587 
-0.481499 
0.198570 
0.389831 
0.844256 
0.311151 
0.267287 
-0.196404 
-0.284316 
-0.092025 
0.677867 
-0.219973 
0.779352 
0.622897 
0.644503 
0.729790 
-0.322511 
-0.873472 
-0.466275 
-0.814860 
0.342620 
0.889831 
0.312618 
-0.167280 
-0.516787 
-0.298017 
0.399481 
-0.022566 
0.640745 
-0.340073 
-0.811865 
0.663524 
-0.146645 
-0.486101 
0.211785 
0.154251 
0.922893 
-0.873243 
0.438868 
0.804019 
-0.609632 
0.795336 
0.643211 
0.331891 
0.313352 
0.071084 
-0.703921 
0.230745 
-0.252170 
-0.122534 
0.198330 
0.755938 
-0.768173 
0.971479 
0.714509 
-0.116788 
0.663240 
-0.414710 
0.021872 
0.502474 
-0.239347 
-0.467466 
-0.474792 
0.165249 
-0.113759 
-0.107043 
0.957396 
0.582722 
-0.577055 
0.897142 
-0.882898 
-0.952104 
-0.583031 
-0.411429 
-0.267943 
0.700128 
0.883518 
-0.872401 
-0.180848 
0.894898 
-0.554279 
-0.904868 
-0.985554 
-0.560064 
0.346882 
-0.736290 
0.408695 
-0.230229 
-0.275673 
0.925198 
-0.824862 
-0.488678 
-0.174765 
0.407856 
0.495957 
-0.925127 
0.562688 
-0.366064 
-0.171157 
-0.824194 
-0.301248 
-0.741153 
-0.391346 
0.892435 
0.540256 
0.642615 
-0.770435 
-0.593379 
0.185197 
-0.978617 
-0.456374 
0.321803 
-0.598500 
0.371445 
-0.785428 
-0.106010 
-0.745920 
0.039549 
-0.486452 
-0.680138 
-0.156570 
0.117384 
-0.398680 
0.471158 
-0.319651 
-0.910615 
-0.183629 
-0.355637 
-0.283371 
-0.891561 
0.497015 
-0.840525 
-0.414914 
-0.166863 
0.399563 
-0.541811 
0.597965 
0.521587 
-0.318494 
-0.537936 
0.417563 
-0.187106 
0.889970 
0.307375 
-0.793192 
0.561596 
0.394937 
-0.784441 
-0.587316 
0.866956 
-0.590588 
-0.918946 
0.084799 
-0.991235 
0.151793 
-0.107722 
0.693024 
0.186833 
-0.893413 
0.375184 
-0.742721 
0.883036 
-0.922039 
0.410907 
0.531666 
0.402297 
-0.210469 
0.787052 
-0.060503 
0.231180 
-0.738524 
0.670500 
-0.106455 
0.843288 
0.540804 
-0.569811 
-0.717410 
-0.774040 
-0.550574 
-0.556190 
-0.556097 
-0.105895 
-0.380586 
0.636416 
0.174561 
0.742397 
0.470948 
0.404198 
0.708663 
-0.732155 
-0.742996 
-0.085139 
-0.420994 
0.341744 
-0.536674 
-0.581953 
0.219741 
0.224636 
0.990041 
0.979550 
0.445684 
0.656787 
-0.268893 
-0.707873 
0.564979 
0.292892 
0.982971 
0.550070 
0.940886 
-0.708282 
0.436117 
-0.425049 
0.206134 
-0.063732 
0.137270 
0.830695 
-0.166752 
-0.822435 
0.534931 
-0.255781 
-0.022994 
-0.414271 
0.224358 
0.698315 
0.277192 
-0.004250 
0.843280 
-0.305635 
-0.955842 
-0.903369 
0.592304 
0.941784 
0.483310 
-0.442429 
0.428157 
-0.803776 
0.827964 
0.569339 
-0.696372 
-0.157825 
0.909687 
-0.621025 
-0.453165 
-0.892456 
-0.703142 
-0.838943 
0.423025 
-0.859960 
0.048294 
0.556334 
-0.857012 
0.322690 
-0.130265 
-0.211633 
0.208777 
0.992635 
-0.744401 
-0.604010 
0.775531 
-0.879663 
-0.833461 
0.171666 
-0.924159 
-0.792934 
-0.201682 
0.075422 
-0.568234 
-0.228665 
0.827561 
-0.275734 
0.083411 
-0.634345 
-0.316994 
0.702552 
0.928662 
0.073354 
0.775234 
0.499422 
-0.720518 
-0.990806 
0.582509 
0.027987 
-0.537930 
0.407254 
0.301495 
0.736318 
-0.304442 
-0.338707 
-0.412462 
-0.973328 
-0.440635 
0.715648 
-0.697796 
0.104992 
-0.878010 
0.692436 
0.925583 
-0.397802 
-0.533575 
0.870196 
0.684294 
0.559581 
0.015199 
0.164883 
0.172925 
-0.158944 
0.666176 
-0.689517 
-0.781301 
0.046463 
0.105639 
-0.672565 
-0.701252 
-0.879490 
-0.134964 
-0.020289 
-0.989486 
-0.477127 
-0.314840 
-0.973090 
0.401652 
0.698473 
-0.158851 
0.621978 
0.979832 
-0.133622 
0.924347 
-0.129514 
-0.585116 
-0.595145 
0.511937 
0.888626 
0.720959 
-0.186588 
0.902775 
-0.061511 
0.414556 
-0.018684 
-0.268688 
0.227571 
0.306897 
-0.572037 
0.117419 
0.912611 
0.767505 
0.942661 
0.263612 
-0.188168 
-0.112402 
-0.986392 
-0.330336 
0.539092 
0.292214 
-0.103955 
0.880545 
0.957183 
-0.015638 
-0.116622 
0.595313 
-0.759012 
0.654722 
0.492575 
0.173644 
-0.394026 
0.170175 
0.149751 
-0.587058 
-0.885792 
-0.540933 
0.978034 
0.612778 
-0.914023 
0.084796 
-0.470610 
0.018232 
0.164222 
-0.908832 
0.751628 
-0.032099 
-0.611579 
0.962670 
0.805265 
0.255622 
-0.262081 
0.856716 
0.797020 
-0.895890 
-0.823781 
-0.522760 
-0.331229 
0.708577 
-0.969849 
-0.483073 
0.442513 
-0.822993 
0.724010 
-0.666683 
-0.096864 
-0.432447 
0.095471 
0.942879 
-0.702414 
0.736636 
-0.023159 
0.181812 
-0.993223 
-0.028888 
0.462895 
0.073943 
0.973025 
0.003104 
-0.900552 
-0.779075 
-0.057065 
-0.669756 
-0.088960 
0.233742 
-0.770034 
-0.834858 
-0.961980 
-0.825548 
-0.171749 
-0.115950 
0.712431 
-0.518934 
0.686702 
-0.250319 
-0.961972 
0.492231 
-0.671123 
-0.960097 
0.170684 
0.598194 
0.363208 
-0.403769 
0.070169 
-0.650587 
0.064516 
-0.575698 
0.368782 
-0.223678 
-0.540810 
0.150266 
-0.738457 
-0.430285 
-0.847200 
-0.221314 
0.740957 
0.223462 
-0.266492 
0.290300 
0.234134 
-0.324627 
-0.668905 
0.889953 
0.019922 
0.907427 
-0.060191 
0.865802 
0.583435 
-0.011448 
-0.972656 
-0.519570 
-0.124238 
0.775957 
0.826439 
0.247312 
-0.061575 
0.648301 
-0.274710 
0.333512 
-0.303416 
-0.752462 
-0.067144 
-0.919863 
0.093443 
0.925618 
-0.630815 
-0.915954 
-0.108716 
-0.208517 
0.940352 
0.338702 
0.460347 
-0.780691 
-0.010067 
0.850856 
0.344274 
-0.153275 
-0.362342 
0.983565 
0.508813 
-0.348884 
-0.243616 
0.136837 
0.464712 
-0.180098 
0.227305 
0.944018 
0.712318 
-0.230217 
-0.453749 
0.668924 
-0.015509 
-0.058510 
-0.709525 
-0.799420 
-0.394079 
0.966909 
-0.844623 
-0.474958 
-0.274327 
0.286685 
-0.807304 
-0.950631 
-0.376643 
0.908412 
0.810597 
0.456793 
0.311431 
0.232430 
-0.572772 
0.415476 
-0.625021 
0.787602 
-0.883779 
-0.353937 
0.706992 
-0.756870 
0.500091 
-0.054665 
-0.394911 
0.204644 
-0.575216 
0.391590 
-0.407957 
-0.616427 
-0.353671 
0.866727 
0.335237 
0.502800 
0.945592 
-0.144180 
-0.394733 
0.709245 
-0.205871 
0.468740 
0.282183 
0.730473 
-0.218595 
0.987334 
-0.370384 
-0.919270 
-0.308345 
0.660270 
0.643825 
-0.344591 
0.833330 
0.258495 
-0.856350 
0.357415 
-0.281222 
-0.693003 
-0.900749 
0.627938 
0.774869 
-0.975946 
-0.500467 
-0.893143 
-0.296400 
-0.252429 
0.400328 
-0.117074 
0.758132 
-0.593134 
-0.787894 
-0.529448 
0.220974 
0.191621 
0.070042 
0.304023 
0.517357 
-0.388256 
-0.411620 
0.037006 
0.440561 
0.822787 
-0.352384 
-0.549936 
-0.767756 
-0.351670 
-0.918729 
-0.340458 
-0.782668 
0.170040 
0.772165 
0.797126 
0.070835 
0.510334 
-0.166556 
-0.951745 
-0.599658 
-0.546807 
0.116336 
-0.845723 
-0.160339 
0.155282 
0.682051 
0.348701 
0.622300 
-0.848293 
0.142106 
-0.788189 
0.430979 
-0.364770 
0.377172 
0.753116 
-0.993586 
-0.141125 
-0.322129 
0.571432 
0.542241 
0.316898 
-0.218732 
-0.524105 
-0.754738 
-0.581146 
0.244450 
0.184732 
0.933100 
0.029681 
0.882219 
-0.538097 
0.118236 
-0.831996 
0.649026 
-0.649127 
0.127051 
0.626996 
0.898049 
0.299161 
-0.602730 
-0.835027 
-0.266769 
0.968737 
-0.439570 
-0.544984 
-0.728165 
0.803386 
-0.138237 
0.122201 
-0.971214 
-0.045105 
0.668085 
-0.884282 
-0.359078 
-0.228373 
0.453569 
0.934508 
0.940474 
0.252991 
0.703180 
-0.422449 
-0.245180 
-0.539329 
0.967714 
-0.985442 
0.386889 
-0.241539 
0.427789 
-0.744609 
-0.844877 
0.136448 
0.790504 
0.221894 
0.612246 
-0.931975 
0.237069 
-0.277246 
-0.719066 
-0.743248 
-0.927973 
-0.196268 
0.946438 
0.780214 
0.199937 
-0.205506 
-0.962499 
0.544453 
0.389385 
-0.919713 
0.468339 
0.622684 
-0.870444 
-0.026784 
0.987116 
-0.220608 
0.403443 
-0.570431 
-0.001103 
-0.888739 
-0.929023 
-0.021390 
-0.410313 
-0.870364 
0.400350 
-0.368762 
0.565876 
-0.638518 
-0.951274 
0.552874 
-0.174157 
-0.038756 
-0.506360 
-0.254382 
0.681034 
0.760860 
-0.515810 
0.393647 
-0.463101 
-0.118415 
-0.807499 
-0.401796 
0.928056 
-0.166623 
0.844361 
0.253071 
0.404729 
0.109100 
-0.236590 
-0.092458 
0.814612 
0.357912 
-0.765404 
