111100010011010111100001
110110001111000011111010
111000110110001011010111
111101000010110011010111
000101011110111110001011
000011100100001101011001
000001100011100010111100
110011101010010000111000
001100010101100100101100
000100010100000111010000
000001101001001011100010
000000011010010101000000
000000111011110110100000
000100111111011011010110
000101110010110001110100
111101101101110001111101
110111101110010000011110
111110101111000111110010
111011110100111101000100
000110111100111100000010
111101011100010110001011
111110011000000000011011
111110100000110111101011
000001110011100001011010
000100101001101111010010
110101001110001001000110
111001110100110011011111
000000011101101011110110
110001111101111000011101
111101011011010100001100
110010100011100101010001
000000110010010101110000
001000110110110100010111
111010110110101110001011
111100001000111000100000
000010110010001000110001
111111001110111010100100
000011101101001001001101
111011100111000011000110
000000111101101000101110
000001111000001011100101
111110110110101000110110
000111100011001001000100
111110111101010011111000
000100010000111101111100
111000000111011001010001
111011000001101001010011
000010111010000000111100
000010001001100000101011
000100010100100010010011
110001110100000000110011
111010100000000100000101
000100100011000111100101
111011001010110011011010
000011010101010010111001
111000111001101100011010
000110100010110100011101
111111100000111010100110
000111000100111110100110
111001111010100111101011
000100010010110111110001
110010001000001000110100
111110000010100001101110
000001110100011000110010
110101110110101100010001
000011001011010010111011
111011011010011000000000
000000101001100011000111
000001111010101011111110
010000011110100001011011
110011010101101101011000
000001001101110100011101
111011011000101101111010
000010101111000100001110
001001111111011011000000
000110110101011010000111
000110011101100101000000
111011011101100110111010
111011000001111110001100
001000110111010111101000
111010011110110010010010
000110000100101101111000
000010001000010100111001
000110011100001100010101
111101010011111011011111
111101111010011111001110
111100101100001110101000
001000000001001011110010
111100011010001011111100
111101110100011000001110
110111000011011010011001
000000000101100001010011
111001111011000111000111
111110000101111100001100
111010111001110111010010
111001100101010101010001
001110000101110001100100
111010100001011101110001
000000111001110101000111
111010001000000001000101
000110000001010100101100
111101111000110110110101
001011001101110011001001
110100100100010010001001
111000101000000101101101
111101010001011000000110
000011110001100000010011
001101110110101101010000
000101001010001100111101
000101011011011011111100
000010110000110000001010
000111110010000101100101
001001011011111010111100
000101000111000110111100
001001101011010011000111
000010011100101000011110
000100011111110011011001
111011010100100110001000
111110101111001010111110
111011110001100100101010
000101000111001000000100
111101101010101010100111
000100000100101010010111
111010000001101011000011
001001111001101101110101
111100010010111001101111
001000000000100100111001
111011010100100010110011
111110000111111011011111
111011010011101010000111
111110101111001101001110
000100001011111111000100
000111010010100000010101
111100001101110100001011
000000100110110111110000
111110010101101101010111
000011000000011001101111
001000101010111011001111
000100011001010111111010
111000001101011001011111
001001000100011100110101
000100000001010111110000
111111010100110010010110
111110110110000010110110
111111000111111110000101
111001101010100000000010
111111111010011111110010
000010100101011010100000
111101010011011101010010
111100110011100011101110
111111110001101010000000
001000111011001111101010
000100100111111011100010
000111111100010011011010
000100101100001000001110
111101110011010100100010
000011001001110111000011
000110010100000001001001
111111110100010101000000
110111011110111100000000
000111110100101000010011
111100101000110110111100
000010011101011110001011
000011100000111100111011
111010101110011111000110
000110110010101000110010
111000000010000110100101
111100110100111101101011
111111110111100001010111
111100111100101111000010
111111111100011110010010
000011101000001001011000
111101011001010111100101
110101011111001110101110
111010000101001011111101
001001110000001101000101
000100101110111101001010
000010100011001100001101
111000010101010100110111
000101010100111101011110
000011101101100110011110
111100110001010010000101
000111110011000101000010
001010010001001000011011
000011101100111010001000
110001100001100011010011
110111110011111000011101
111000011001111000100001
000000101111010110000000
000110010100100101011111
000010000000100000100110
110110101011100011000010
000110101001110110111111
000110001000101100001110
111100010011110011111100
111001011110101110111110
000010011001001111100010
001000000111101001100100
111000101010101100110100
000110000010010101111001
111110101001000000001100
000001001111101000111101
000110011100000010011001
000110011000100010100000
111110101100011001100101
111011001010000110100111
110100111011100000101010
111110100000101100010001
110100101010001001101000
111011011100101011000100
111001110100111001010110
000011000110011101101010
111101001110110001001110
111000110000110111000111
111101000000111111111000
000100111101101101110001
000100110111100101111000
111001101110001101100001
111110101101111001100010
000001111100001111111010
111001010101011101111010
111010111001101011000010
000000100010110111100010
111000101110111101011100
000001011001101000101111
111101101001001111101000
000111101110000111111111
000110111011010100110011
000110001011111100110111
000000111101011100111101
000000110101010111111100
111111111100111010000011
000000110101001101010100
001010010110110101010111
000001010101000000000101
111001110000010101001101
111100110001101100001110
110111110111100011100010
111000111001100001110110
000101100000011001001101
000010111100001101110111
110110111111111010001000
111001011000010111101101
111011111110000111011010
111111101100000111000011
111001111001011001111010
111011001111001000110010
001011111000100001011111
000100001000001010111100
111000101011111011000001
000110000111101011100111
001000111111111011110111
000010000100100100010000
000101101001101011100010
000011011011000101001110
111100010100011111100000
111111011010111001101101
001000100001101000000110
111011101011110101010011
111111111101000111010010
110110111100001010001100
001010001000101010010011
110110100000001111111010
000110000110110101110101
111000111101111010111010
111101110000111111101001
111101100101110110001100
111000001000001011010100
000011001100010010001101
111110010100111110101010
000111111011001011000000
000100110010111110100100
111111000010011100111010
000011000010100111011011
111101111001111011000110
111110000111010010011110
001101001100000010011111
111110011101100110111011
001010000001010001001111
000010110010001001100110
001011100101100111111110
000110000101010111110110
111111110101101001101101
101111101010000000001000
111110001110110101111100
111011000011010111101111
000101100000111001010101
001011010010110100011111
000011001101100101101011
111010011101101010111110
111100101111100011110111
000011110111001011101010
000010011100010110111010
111101011100011011101001
000101001011101100011111
111000100111101010000001
111000010000011100010011
000010110000001101110011
111010111110010110001110
111001110000000101101000
000110100010101100110001
000100001101110001000010
000100111001001000011001
111010011011111011001101
000111100011110111011011
001000111101011101101110
111011001100001100111110
001010011011000111010111
000011001100010101001000
111111011000010100110010
000000010010000111100100
000000011000000010110110
111001000011011011111110
000001010000000110111001
111100010110000101010101
000010111111100000011001
111011111111101011101111
001010101011111011001001
111011100100111010110101
000111111101111101011000
001000100000001011010010
111111000010110100111101
000101010111100001001101
000000011101110111110111
000000011100110100110101
000110100100110011111110
111110101101000101111111
111111110010001001111001
111100100011111010110111
111110100110111100100110
000101000101101010101000
000001101010101101111111
111111010111111111010111
000011100001111111001000
000001100100100100110100
000011101011010001000000
111110011011011100001100
110110001111010100000011
111010110010001100001000
111110010110001100101010
000011000011100001001001
000011001010011111000101
001000110011101111001101
110011111100111001001000
000010000000011010011100
000110100001000110100011
110110101110011100101000
111001000101010110010100
101111111101010010111111
111101010010010100110100
000010001111111000010010
111111001110010100001011
000010001101010000000011
111101101001000001101100
111011011101100111100000
000101111101011111100110
111011010101100101000001
111000110001000000000010
111111000100011001110110
000010000001111101001011
000011101010101010001110
110111011001001011111100
000100011111000011110010
111110100110001111111011
001101010100101101000011
111110011101010100001101
111101100101101101110101
111001000011010001100100
111010101010001100101000
000101101000001001011001
000110100000001101010001
000111010100011010111101
111001111110011000110101
111011110100110110010011
000010100010100011010110
110111000011110111011010
111001101101011100001100
000111011100100111001010
111111011111110101010000
000110100001110010110111
111000000100000101001010
000011110001110000011110
111011110111000010010111
000000111101010111000000
110111100011000000000011
111010000010000001000101
000101000001111001111111
000010111100111100000010
111000100010000101000010
000100010001000010111000
000011110010100111000001
111001100011010010001101
111101101101010111111111
111101011100011110111101
110111011101010001010001
101111110001111001001011
000111110011011110011101
110100101011110010000011
000001100100011011010011
111111010000100110001000
001010100010101110011100
111111110011111101110010
000000110010001010010000
001000000110000100100011
111100100001011010101100
111001110111101101100101
111111101011011000110011
111101101001111100010110
000011010110101111000000
000011011010100000100101
101110011110011100111100
000101111110110110101100
111101011011010000001001
111110111111001101111101
111101111000000101001111
001011010001011010110111
110101101011010101100100
110111111100011000000101
000100100100001111000010
000000000001101110111000
000001001011101000011111
000010001110101111000110
000110101100111001001111
111111000110101001011100
110111011000111010011100
000100111110001110110110
000001000011001110011111
000101011001110111011011
101100100100101000101101
000100011011011100011010
000100100101001000110100
111110000111000110011000
110110111011101011001111
111111001101000000100001
000100100111011000010001
001000101000010011110100
111101010011001000101011
000101011010000101101000
111111010000000101111100
000110011100100001011000
000011011011001011110001
111111000010011110010100
111011111101111101001000
111001001001001111110111
111001110010001100000111
111111100100001101100010
110110101101010110100110
111010111111111100101000
111100110011101111111110
000111001101011011110101
000000000000000111110101
000001001000100000011001
000010010001001001111100
000101011111001010110001
001011001111000100011001
111110110001010010111101
111010001100101011111000
000001101001001001101011
111010101101111000110010
111101000110000110111100
111110111101110101111010
111011101001101111011100
111100010111110010011111
000011011100011000001011
001000000100101110111101
001100011011100111100001
000001011111001101110010
000100010010001001011100
111101010000111101000011
111010000000101101001111
001010000111001011000101
111111100001010101111011
001001100101010001000010
000100001110001000000110
000011111001110010101100
111001101100001100011001
000011101001110001010111
111101010001001010001100
111110101100011110110110
111000110110101111001001
111111110110000010010010
001000100100101110101011
111111011011010101000100
111100010111110100110110
000110110111000001011110
111101110001111001101100
000001011100010101001111
111110000110011110010000
000100011110100101010000
001011001001101001000101
111111011010100100001010
000010100101011000110100
000101001110001100100100
111001111011010101001101
111001011101100111000000
111101010010000101101100
000101111100010010011111
000011010001000011010011
000111111100001010001100
111011000111001011101001
000100010101101110110000
110111111111100011000111
000011110000010010001111
111110100101100011001000
111001101100110011010010
111111001001111110111111
000110000100000000000101
111001001111000010010110
000011101011101010101100
110111000100110100010100
110100101010101000101100
110101110101111101100100
000011111101010101010011
000001001101011001111010
111100001101111110110111
000101011111101000011111
111010010011100101000000
000101011000110011101001
111110100100000100011001
111101111110000001011110
000010000011111001111100
000100100100110001000001
110011000000010110001010
111001111110100011110100
001000001110100101010001
111100000110010111100011
111110101000011010010000
111100110110100011111111
111001101000010011011110
111100001101110001110010
000000100011001101100101
111110011111110000011011
111010010011101001010001
000011010000101001010010
001011001000001001000001
111110100110010100110010
111011011100001110010100
110011111101000001100011
000001001010011100110101
000110100001110101100100
000010111100001001100010
111111010111101001010010
000101110000110111110010
000110001110001101111111
111011010011101110100110
111001100010100101111101
001000101000100110000000
000000101100000010010001
110111111100011011100100
111011001000000011010110
000000100011110011011001
001000011011000001111000
111010111000010101010011
111011111111110100101001
111000000000101000001101
000001000111011001011001
111111001001101110111010
001101000011100000000000
110011000101000001000010
110101110010010101110100
111100001111101101000110
000001111111010100011111
000100001100111000111100
000000101110111001001001
000000100110000100011111
000110001101010010101101
000001100001010100011111
001010111110010000110000
111101111000100010000111
000000111010100000110111
000011000011000111100010
110111100010001100000001
001001110101100000101111
111001111000111110011101
111101000000011010011011
111011000000111000001011
000001001110111010100100
111001000000110111110011
111010000100010111101000
110111000110001111110010
111101101001010001111111
000111010000100011101101
110111101011011111011100
110000111110000000000000
000001111000111111011100
110100011101000011101111
000010011001100111111101
000100000101000100100010
111100000110110010101101
000011101010001100011011
001000001000100011000001
000001001010000011101010
001001111011110110011001
000100001100100010001010
000001000100100011110111
000000011101000000000011
000011111110011010101011
001000111001001001110010
000010110111110101100100
111111111010110110001011
000101000110110100101000
000010001010010011100100
000011101110101111000111
000000010011010111100010
000001001100110000000111
000011010001010001100001
000010010101010011010000
110111101100111100111101
000010001111010101110111
000110011010000110011000
001000000010010010001000
001000010001001110110000
000010011010101011011101
111110100111000001111111
111100011101000100001000
111000101001111101110000
111100101110110000110111
000001100100000001100000
111011110111011010101011
111101110110111011110001
001011011100101010110011
111100011101111011100101
111001100100011011000101
000001110101011001100111
000110010111000010110011
111011111110111000001010
001000101011000000000110
000100000100110010000100
111000101011011000101000
110111100110111000000010
000000010001100010011010
111111010110110110101111
111101111100101001001011
110110111111110111000101
000100011100000000011011
001010010000111111111001
000011111010111001101100
111000000000110010110001
000001101111111110101100
111101000100111110100110
111111101111110110111000
111110101101011101100110
111000001100101101110101
000010011110001101000100
111110111001111000100011
111101001000101110001101
001101011001110000101100
000110001011100000100001
000011000001001011111100
000101100100000010001000
001101111100111011110111
000001011111000110111100
111110110111111111000100
111000111110000100011000
111101010000011000100000
111100001011110010101000
000101110000010000001000
110010000100000010000000
111101010110100011101000
000101111001000110111001
110011110000011011101001
001001111011011101111001
110100010010011111110010
110111110010001101111001
111011000111111001000100
000010001011010110100101
001010100111101110001110
111100000100111010011001
010001001101110000000010
000101010101110111110100
000100011100111111010011
110011100110110010110000
000000000100011010000001
000101110110011010001011
000010101010111101100101
111111010101110101001000
000011011100000001110010
110101001010111101110100
111110000111000010101100
111010011101000100110001
111010101101010111111000
111101100001001001101110
110101011010110101010100
111001010011011001110111
111100111111001011111011
111010110111101101001111
110111101010101101001011
000001111101101101011111
000000011101100011001000
000110111101110011100110
111100001100001111010000
000000110011001111011100
000000010101100001001000
111101001101100000010001
111011010011011111111100
000000011011001010000111
111000001010000000110010
000001000100111100011111
000110110111101000100010
000111011010100011110001
111110011011010001010100
000101001111110000010011
110111101110101110010001
111110000000001011010111
000010011111101000001001
000110001010101110100100
110111100110011101010011
111101111101000100011001
111110100000011001001001
111101100101101110100110
000011011011001100110011
110110111001001100100110
000011011011000101010110
000100000100011010001001
111101010100010111010101
111110111010101000010001
000101100100110010010111
111101110110001001000101
111010101011001100111001
111000100110010101101111
001010010011101010010000
111111110001111010010010
000001101110100000110010
111100001100001101101011
000001111111100100100111
000101000000100110000010
000000101110110010101110
111010111101111000010110
111011101001011100100011
000010100000101111101000
000101101010111000011001
111111111011001011010100
111110010110001101010101
111110011110100010101110
000100100111000101100101
111011111000110110111101
000010100110000010101011
111111101011101111000110
111100100001110100111110
000100101100010001101111
110011000010000110010101
000000111011001100101011
000011011111001101111101
111110100011001001100110
111000100011111001110001
000101010100011000101001
111111101011000001101010
001011111010110111011100
111111011010110100000011
000011010101111001111011
110101101010000101001010
001000001111011101011000
111111011110010000001001
111111110111110011101001
000110010011011100001011
111011010010111011101011
001011010001011101000110
000101010000001111000100
111110000100110111110101
000000001100110010100001
111011111111100010011101
000110101001111111010010
111011110100001010101111
000000111000010000111010
000101100011011101010001
000110101011110100000110
111101111011010000010100
110100100010101111001010
000011000110110001010011
000000011000110001001111
000010111100001101111000
111001111111111101100011
111001110111110101110000
111101110001010110101111
001100010000110010001110
111001101000111111011101
111010011110110111001001
111001011010101100100111
000010111010101010100000
110100010010100100100011
111010000000011011101001
111010011000111010000011
001010100110001010011101
001000011101100010000100
111110100111011110101010
111111001011001001110001
000001011111010010001110
111001010110100001001000
001001011001111101011110
111001100110111101101010
001101101100110101011000
110110110100100010010011
111111111000000010101001
000011100111011001011101
111011001001000101101111
000001110100101010010111
111110011101100011011110
111100100001100101101000
111101100011110110000111
110110110010011001101001
000001110100011110000000
000000011011101111101100
111011110110001011001001
000100011011000101001001
111011110110101011111100
000110110110010000101111
000000000101101111000011
001011001101010100010001
111111001100001111101111
111101110100101001111011
001000101110010100001111
110110000110001101010100
111110111111111111000000
000000110000100100111111
111111110001010011101111
000001010011010110001000
000000100111110001100010
111000001111011011000010
110111000110100011111001
111010010001001101101111
000000001110010001010001
001010100110110001101110
111101100001010000011011
000010001011110001100010
111101101100010101001111
110100101011011100100111
000110011101000111000000
110110101101110001000001
111100011101000010001111
110101000001110000100000
001000011111110001010000
001011110100010101001101
110111111001100011001101
110011000011001000001101
110110100011100110011100
000011011110111111110111
111100111100011001011000
000000011011101110001011
110111101111101011011000
001000110100010110101100
111110010110110100011110
111000100010111110001000
111100111011110100101100
000101011100000111001100
111110001111001000111001
111110011101110110100110
111111000100101000001010
000101100010010111100001
111101101110110010101000
111010011001100010011001
111101100110000001111101
000111000110001001010110
001100001100010111100011
111101111001101100111000
000111111010011010101000
111000011010110110100011
111011000111011110011110
110111101011100101110101
111111111000100110110111
111010000111010011011111
000010110011111010001010
000101011011010111100111
111110111000000110110111
000000100001111101101010
000110010010110010001001
111101000101100010001100
111000110111011000010011
111100100100101110101101
111010001001010000001011
000001110001001111011110
110111001101100110110100
111100001110100101000100
111111101101101011111010
000101110111001010001100
001000000011100010011000
000100100011100111000001
111010011100000101001110
111111110000100111010100
110100011110001101011101
000100000111101101001111
111001011001001001101011
000010100000110111000111
000010011001110111011111
110001110001001011101010
110111101101101101111110
111010110010101111011101
000000111111000000101100
000110011000001010000000
000010000000100101101011
111001101010000110111111
111011001111100010011100
111101100000100101000001
111101111011111110011110
000011000111110101010100
111101111111101000001000
001010011111001110110110
000100000001000001111100
000111111010110001111101
111011010001100011100101
000000011000011101011011
110100001110101001011010
001011100101011001110101
111010000100011001101101
111101000000110110010111
001010010110100100101101
000111010010011101111010
000011101010011100010000
111100111101100111110000
110011011000000111000111
001011000100111011110100
000111001111111111111100
111110110001000000100001
111101101010011010101011
111100001000010001101101
001000101011110100011001
000101111100000010001111
001000011100011101101101
111011101100111100010011
000000000000001001011101
000101110101011110111010
110100100100100010101001
111010101000101111110111
000001000110101100000110
000011111101000000100011
000101010100000110110110
000111110110101111010001
000000100011110010101100
000111010110110110101011
110101011010011100001100
111101101110010110000001
111010100010011011101001
000111001101110011101111
111100011010111110111011
000000001110111100000101
000001000011010010011111
000001011000001001110010
000001000001110011000010
111110011111011101010101
111101001000100111011111
000111111110010101110011
001000000000100011100101
001010000010101000110001
111000100000110011001111
000011100000101011100010
111110100010101000111011
111101110000110001000101
110010110001001010111111
110001100110101110010000
000010111110100011101011
001011101011111010000001
000100100000011110010010
000000110101110010010110
111110100011000110000000
110111101010001111101101
111110101001111010101010
111101000101010011011000
111101100001101100000101
000001110000010000110100
000111011010110100110011
111000111001101010011100
000100101000011010011010
001101111110110101000011
110111101111010011111001
000000010000001100100111
000100000111011010001101
000010100100111101110110
101101001001010110101000
110101101000010101100111
111111100000101110000100
000000111101101001001000
111001011111000111011100
111111000010111001000010
111101010100011011000000
000010010111011111011010
111100101110011011011011
110111111001111011011011
000010011111010011100111
111110011110110000010100
111101110110010110110110
110110000010010111011010
000100001001000010101000
000011001101000111110011
001000111100100111100000
110110101001111010011111
111011000111111110101101
111011000100101000001101
111100100010111111011110
110110100100001010101001
111100010110000110100010
000111101001110110111110
111100011100000011110011
001100001100011111000011
000000010110101001011010
000111000011100100100000
000110111100111101011000
111000011001001110100111
000010100011000111100010
000010101001000100110010
000011010010101000100001
111100100101100010001110
