0.003440 
0.043145 
-0.115980 
-0.209152 
-0.045931 
-0.226530 
-0.082025 
0.237058 
0.273154 
0.327860 
-0.128454 
0.017637 
-0.040644 
-0.283487 
0.013086 
0.244065 
-0.363243 
0.073510 
0.263361 
0.235732 
0.099988 
0.186203 
0.036213 
0.309208 
0.142864 
0.204933 
-0.109329 
-0.217363 
0.087097 
0.380688 
0.202453 
-0.193206 
-0.075323 
0.318424 
0.104635 
0.002616 
-0.369650 
0.193318 
0.299876 
0.046201 
-0.277139 
0.215975 
-0.060727 
-0.161725 
-0.162891 
0.114175 
0.237803 
-0.521806 
0.344647 
0.100361 
0.131869 
0.146322 
-0.212398 
0.256659 
-0.147540 
0.079336 
-0.304583 
-0.171850 
-0.037432 
0.152569 
-0.300687 
0.101142 
0.000522 
-0.304538 
0.035513 
-0.111844 
0.035098 
0.073940 
0.028663 
-0.134750 
0.385320 
0.415918 
0.246156 
0.065327 
0.186175 
-0.214288 
0.041368 
-0.312455 
0.530235 
-0.140928 
-0.152104 
-0.019588 
0.345679 
-0.090276 
-0.089189 
-0.116492 
0.284046 
-0.136992 
-0.188329 
-0.151018 
-0.136336 
-0.267015 
-0.136091 
0.142802 
0.345095 
-0.269157 
0.030580 
0.125063 
0.347908 
-0.298163 
0.059131 
-0.078008 
0.097476 
0.054460 
0.207140 
-0.234110 
0.021980 
-0.021563 
-0.181047 
0.062207 
0.279275 
-0.194418 
0.027668 
-0.157720 
0.083217 
0.212700 
-0.137847 
-0.093395 
0.086949 
-0.115243 
-0.113130 
-0.194701 
-0.211156 
0.187612 
-0.116625 
-0.066410 
0.204147 
-0.070572 
0.167841 
0.237749 
0.193496 
0.062468 
0.015638 
0.066683 
0.262281 
0.247262 
0.427422 
-0.118476 
0.018124 
0.254381 
0.238252 
0.171082 
0.449201 
0.269469 
0.140496 
-0.191997 
-0.103895 
-0.402126 
-0.295674 
-0.123599 
0.104722 
0.269642 
-0.089693 
0.297584 
-0.064884 
-0.170917 
0.118988 
0.392568 
-0.070888 
0.070001 
0.058868 
0.036447 
0.319490 
0.039960 
0.199355 
0.061537 
-0.093109 
-0.129004 
0.106529 
-0.282170 
0.260085 
0.113559 
-0.005517 
-0.265800 
-0.154776 
-0.368001 
-0.065615 
0.120447 
-0.092012 
0.112784 
0.181686 
0.297479 
0.061059 
-0.133400 
0.055414 
0.123844 
-0.024063 
0.202350 
-0.002098 
-0.192595 
-0.252927 
0.219892 
-0.064889 
-0.121624 
0.251265 
-0.092651 
-0.179471 
0.115132 
-0.001652 
-0.270193 
-0.123543 
-0.193699 
0.182803 
-0.196814 
-0.119540 
0.353489 
-0.270541 
-0.188322 
0.347018 
0.366054 
0.014017 
-0.201832 
-0.013262 
-0.000240 
-0.288632 
-0.124335 
0.228087 
-0.068696 
-0.223453 
-0.164781 
0.280225 
-0.157177 
-0.135932 
-0.282884 
-0.182599 
0.209834 
0.258121 
-0.060294 
0.147115 
0.077154 
0.001136 
-0.045866 
-0.127871 
-0.052819 
0.218432 
-0.221964 
0.151472 
0.054754 
-0.229818 
-0.132767 
-0.080436 
-0.078829 
0.078942 
0.066266 
0.044932 
-0.284454 
-0.236821 
0.174229 
0.275895 
0.209070 
0.356722 
0.011653 
0.138520 
0.292517 
0.004778 
-0.267864 
-0.318882 
0.157666 
0.017057 
0.328362 
0.047859 
-0.076926 
-0.172463 
0.080381 
-0.246911 
-0.205783 
-0.221233 
0.018095 
0.323437 
0.235641 
-0.060255 
-0.003323 
0.132982 
0.126350 
0.020365 
-0.055703 
0.150479 
0.358644 
-0.150384 
-0.065307 
-0.282831 
-0.070805 
-0.047725 
-0.085244 
-0.168978 
-0.094563 
-0.231631 
-0.163320 
0.090131 
0.126489 
-0.127746 
0.048333 
0.357750 
0.029671 
-0.157588 
-0.380859 
-0.026206 
0.020099 
-0.071925 
-0.130407 
0.005607 
-0.205948 
-0.305288 
0.098193 
-0.095538 
0.173951 
0.043288 
-0.039788 
0.141554 
-0.169540 
-0.016288 
0.234270 
-0.093189 
0.085013 
0.039279 
0.066526 
0.018413 
-0.124133 
-0.267630 
0.226157 
-0.134831 
0.107741 
0.198254 
-0.280965 
-0.179336 
-0.416360 
0.247213 
0.168581 
0.025840 
0.173881 
-0.100614 
0.117051 
0.248516 
-0.045666 
-0.021600 
-0.302516 
0.125229 
0.018743 
-0.359649 
0.040545 
-0.353622 
0.371527 
0.234197 
-0.084719 
-0.057472 
-0.032771 
-0.012957 
-0.002538 
-0.114982 
0.205420 
-0.132564 
-0.226063 
-0.114727 
0.019432 
-0.043210 
0.161517 
-0.043652 
-0.130982 
0.273831 
-0.487834 
0.268346 
0.217997 
0.043607 
-0.157196 
-0.064233 
0.037527 
0.017313 
-0.149448 
0.067617 
0.329619 
0.098477 
-0.271826 
-0.081852 
-0.291495 
0.191204 
0.177242 
-0.071081 
0.037525 
0.309922 
0.276568 
-0.192112 
0.209371 
0.020424 
-0.012204 
0.225646 
-0.073558 
-0.144275 
0.078011 
0.235057 
0.113607 
0.192585 
-0.179244 
-0.339969 
-0.339819 
0.043918 
0.065320 
-0.091208 
0.041232 
0.138729 
-0.047948 
-0.077668 
0.051519 
-0.003833 
-0.134898 
0.092599 
0.170969 
-0.065134 
0.081602 
0.361742 
-0.409639 
0.231450 
0.296202 
-0.035508 
0.005523 
-0.083048 
-0.240255 
0.105510 
-0.163286 
-0.155439 
-0.057213 
0.148488 
-0.055485 
-0.260674 
-0.184813 
-0.224319 
-0.073237 
-0.243783 
-0.142882 
-0.044436 
0.077643 
0.252043 
-0.063364 
0.243948 
-0.179921 
-0.024461 
-0.190012 
-0.031064 
0.166153 
0.148056 
-0.177058 
0.286332 
0.297430 
0.087397 
0.216269 
0.084539 
-0.009315 
0.265830 
0.200245 
0.008360 
-0.043044 
0.347741 
0.143817 
-0.070594 
-0.048923 
-0.316308 
-0.176877 
-0.188884 
-0.180854 
0.255424 
-0.286746 
-0.173450 
0.121298 
-0.176909 
0.122621 
0.170817 
0.076797 
-0.063433 
0.346193 
-0.082493 
0.108336 
0.244915 
-0.218721 
-0.012345 
-0.109350 
-0.090309 
0.222141 
-0.052880 
-0.200998 
0.073031 
-0.208853 
-0.411324 
0.161577 
-0.070825 
0.191675 
0.178643 
-0.163352 
-0.040865 
0.344506 
0.010189 
-0.006999 
0.395155 
0.137222 
-0.154936 
-0.038031 
-0.088824 
-0.110948 
-0.039125 
0.169668 
-0.103575 
0.033849 
0.122149 
0.072831 
-0.165668 
0.074375 
-0.215718 
-0.142967 
0.026855 
0.103784 
0.160727 
-0.241969 
0.196407 
-0.160759 
0.023354 
-0.025263 
0.043945 
-0.069890 
0.143896 
0.241674 
-0.070268 
-0.085792 
-0.078413 
-0.004765 
-0.147497 
0.147678 
0.220689 
-0.005161 
-0.081074 
0.046681 
-0.230681 
0.481926 
-0.269575 
0.145869 
0.096032 
0.040668 
0.092599 
-0.152993 
0.196465 
-0.105879 
-0.140659 
-0.225865 
-0.017876 
0.284036 
0.264738 
0.063469 
0.415687 
0.186954 
0.027724 
0.074919 
-0.184507 
-0.093823 
-0.079362 
0.149346 
0.007400 
0.165908 
0.130077 
0.258791 
-0.111199 
0.038863 
-0.089744 
0.026560 
-0.283593 
-0.013625 
0.024004 
-0.264872 
-0.037770 
0.240346 
0.088951 
0.285308 
0.399720 
0.063803 
0.065848 
0.021944 
-0.276423 
-0.117728 
0.320949 
0.233617 
-0.181600 
-0.076593 
0.228079 
0.052572 
-0.030154 
0.285573 
0.066521 
-0.079497 
0.114600 
0.218766 
-0.165196 
-0.187140 
0.054523 
-0.483482 
0.017991 
0.058720 
-0.147037 
0.064078 
0.200958 
-0.045572 
0.027026 
-0.465417 
-0.090269 
-0.203425 
0.108292 
0.203142 
-0.256672 
-0.079621 
-0.062463 
-0.532604 
-0.284958 
0.376827 
0.102487 
0.222027 
0.204545 
-0.291883 
-0.234675 
-0.339547 
0.048331 
0.026871 
0.022462 
0.018148 
-0.039931 
0.063561 
-0.109723 
-0.063034 
0.048073 
-0.262085 
0.295020 
0.333144 
0.006446 
0.288983 
0.258578 
0.077771 
0.035449 
0.321027 
-0.142353 
0.083761 
0.340444 
0.000721 
-0.119923 
-0.080221 
-0.045232 
0.001407 
-0.011985 
-0.045183 
-0.067369 
0.212533 
-0.134859 
0.106962 
0.236537 
-0.313661 
-0.026363 
-0.003883 
0.130870 
-0.028483 
0.148239 
-0.119250 
0.166046 
-0.250477 
-0.153845 
0.349113 
-0.237108 
-0.013404 
0.222282 
0.070013 
-0.114202 
0.240732 
-0.356167 
0.463509 
0.007254 
0.167890 
0.241242 
0.085308 
-0.351508 
-0.059356 
-0.076163 
0.145856 
0.203775 
0.247030 
-0.254050 
-0.240846 
-0.243460 
0.087983 
-0.045186 
-0.260717 
0.165997 
-0.035361 
0.285189 
0.209182 
-0.134454 
0.201877 
0.587304 
0.324817 
-0.033578 
0.262605 
0.177844 
0.044639 
0.164917 
0.138880 
-0.147350 
-0.004901 
0.087982 
-0.022162 
0.538646 
-0.266271 
-0.060285 
-0.211132 
-0.048444 
0.262624 
-0.104245 
-0.304334 
0.073180 
0.451972 
0.039689 
-0.486894 
-0.324500 
0.275113 
-0.347713 
0.377802 
0.112392 
-0.280847 
0.409067 
-0.080835 
-0.175619 
0.171358 
-0.281877 
0.064564 
0.005882 
0.365218 
0.502119 
0.052912 
0.203278 
0.101823 
0.079537 
-0.014873 
-0.406109 
0.117425 
0.422868 
0.211009 
-0.062825 
-0.172578 
-0.039104 
0.012501 
-0.038222 
-0.335262 
0.103297 
0.256940 
-0.023361 
0.112922 
0.281864 
0.262096 
-0.077462 
-0.168658 
-0.179001 
-0.066699 
0.147185 
0.229016 
-0.238156 
-0.170217 
-0.149237 
-0.085175 
-0.215402 
-0.096812 
-0.316511 
-0.180102 
-0.180559 
-0.267624 
-0.022904 
0.020201 
-0.139231 
-0.300137 
0.176374 
0.041532 
-0.064739 
-0.101939 
0.063772 
0.016201 
0.162759 
-0.104854 
0.178424 
-0.020446 
0.026229 
0.206328 
-0.048305 
-0.112950 
0.139997 
0.386527 
-0.062630 
0.289309 
-0.006905 
0.036197 
-0.180039 
-0.133804 
-0.030471 
0.075499 
-0.289164 
0.169867 
-0.118964 
0.353423 
-0.027742 
-0.280730 
0.013550 
-0.251311 
-0.223621 
0.144487 
-0.195167 
-0.280811 
-0.193654 
0.027640 
0.170261 
0.010008 
0.030994 
0.092574 
-0.012395 
-0.146722 
-0.058671 
-0.049863 
0.159544 
0.224785 
-0.113303 
0.061081 
-0.220840 
-0.103988 
0.100227 
-0.153850 
0.093003 
0.021262 
-0.294849 
0.078774 
0.248770 
0.152337 
0.037262 
0.227749 
0.182467 
-0.054228 
0.238907 
-0.358419 
0.011095 
0.121919 
-0.199363 
0.018903 
0.027970 
0.357239 
-0.047028 
-0.132945 
0.057332 
-0.260414 
0.008428 
0.043492 
-0.016462 
-0.066568 
-0.036309 
-0.316819 
0.221067 
-0.039442 
-0.083742 
-0.201963 
0.187316 
0.163521 
0.166990 
-0.453343 
0.341144 
0.088476 
-0.221272 
-0.126007 
-0.014000 
-0.055956 
0.305920 
0.156829 
-0.139781 
0.144400 
0.354359 
-0.144656 
0.161302 
-0.063360 
-0.317570 
0.016253 
0.067666 
0.152816 
-0.173650 
0.002804 
-0.213950 
-0.157063 
0.053179 
0.020088 
0.028828 
0.279102 
-0.167917 
0.172671 
-0.001236 
0.192528 
0.016697 
0.013518 
0.613931 
0.308368 
-0.026159 
0.089895 
0.139857 
-0.047547 
0.097410 
0.030244 
0.029460 
0.050549 
0.131862 
0.131238 
0.081576 
0.283362 
0.109557 
-0.244836 
0.040550 
0.170657 
0.066524 
-0.051306 
0.001251 
-0.003478 
-0.301074 
0.173159 
-0.117185 
-0.236191 
0.002548 
0.268254 
-0.080411 
-0.144259 
-0.180559 
-0.269616 
0.362100 
-0.174171 
0.078524 
0.006003 
0.161206 
0.135283 
-0.018519 
0.130967 
-0.042182 
-0.267103 
-0.233115 
-0.023163 
0.151389 
0.165505 
0.284429 
0.252018 
0.187806 
-0.006330 
0.304054 
-0.145884 
-0.192509 
-0.103479 
-0.226571 
0.230209 
0.365751 
-0.140328 
0.098036 
0.056360 
-0.051063 
-0.397599 
-0.239203 
0.091463 
0.039307 
0.281662 
-0.120179 
-0.152666 
-0.292615 
0.081360 
-0.238715 
0.072769 
-0.001890 
-0.272335 
0.330689 
-0.212699 
0.252170 
-0.085882 
0.172319 
0.245790 
-0.274357 
0.275680 
0.377302 
0.050092 
-0.070973 
0.105686 
0.246532 
-0.010417 
-0.271698 
0.131047 
-0.033630 
0.388176 
0.059378 
-0.175308 
-0.011829 
0.310358 
0.021949 
0.247814 
-0.202351 
0.091204 
0.444827 
-0.082883 
-0.016614 
0.161898 
0.061542 
0.048153 
-0.350671 
-0.240075 
-0.316463 
0.052693 
