111000100011011010001001
101010000111101100111101
001001000101001010001000
100010011101010100100001
100100010001110100001011
000010011111101011111011
011010110001001011000111
101010101010110110110101
100111111110011001101011
100000111000000101111101
010000110100010001101010
001110010000011001101011
010110101011110010000111
101111111111110100110000
000111010110101000011011
100011000111000111001010
100111001110000000011011
110110010010000000110001
111110001101000110101010
100101000101110000110101
001011101001100101111010
000001100111100100111010
000001000000111111010101
011100001011110101100111
101000011011100011100010
001001101001100110011011
010110001110000100111111
110110001000110100100010
100100010111001000101011
100000101111000001100001
100000011011110011111110
110010101101111110100000
101101111011100010110111
110011010100100101110011
000110000110101111110101
000100000100111000101110
101101111100111010010010
111000111111110101010100
110101101000111100111101
001111101111000110000010
110111100111011001100110
111011000101100000101100
000100100100100110010110
000101101000111100001100
100001110101101111100010
100101110101010001001111
000000000100001011101110
011010110001001010100000
101111110110001111000100
001001110010011011110000
100100001011000100101001
100001000010111010110001
000001010010010010010100
001001110000000001001101
111001001110011101001111
111000010111000101011000
110111101001111001110011
010000001100110100100001
000111001010010101111001
101111010011100100000110
011011001101110111011001
111000011100001101001100
110111111001101010111110
110101000110110000101101
011001110101111001100111
111101110101001101101100
000000100001100101101110
010010110111001101011100
101000101001010111101111
101101000111101010011010
101100001010111101100011
100000000111101111101111
010110111001011100100101
100000101000111111111000
100000100011100100100111
010101110010101000001011
010001010010000110001101
010110110110111011010011
011011101111011010110111
100000111101101111010101
101100001001100110100001
001100011011000011001011
011110100011000000101011
000100110100010001001001
000011111111011101111110
011100010001100000011111
001011111011010100000000
110101001100011010111101
110101110000110111110001
011011110011001011111000
110011101011100000001100
100010011110110001011001
000100010101101000001001
001001101001111000010000
001111010001101011011111
011101001101010011100000
110011100101100110110100
010000100101010010100010
110010000000010100001110
011001101110001110001010
001010111010101110101010
110010101010001011110101
110100101100111111101000
001101110111111001011011
101011110010100110011111
111100001011100101010011
110111010101000011110110
101101101010100001100100
000010001001011010000011
010101010000111110111110
111110010000100100010111
001000011110001000100011
101100100110111010101001
011111110101111101100100
100000001001100100110010
000111011000010100100110
010100110001000001011111
111010100000000000110110
011001010111010100000000
000000110001001101000110
011101100011000011111111
000110111001110101010000
001010101000010100100110
011010111110010001110011
111100101101110101000111
001000100001111111010010
101101100010010111011000
000011110111001010101001
100110101000011000100011
110010101101011000010001
000010110100010010110010
101011100100110110011011
110001101010110011011111
101110111000101101111000
000011000111111101010010
000011101001101010111111
000111101101100111101001
100000000010101100001101
101100000001001010010111
111110011110110011001001
100001001010010111101101
111110011001001110010001
100100111001101101110011
110000000010110101010000
000101001100100001010001
101001101010100011010101
111010010000001110001111
011001001001110111111110
010110101011110000101100
000010101111001000000100
111101011110000010010111
101001100011111010111101
111111010010100011010011
000100011011000111100101
110101110110100111101100
111010101111110011111100
101011010100000011110000
010101011011001111101110
001011010000000011100011
101011110111100100110011
000111000111001100110100
001101001000010011001111
100001110011111111101010
000001010101011110110001
110000100101010110111000
000000100001101001110010
011110010010011001010100
010100010111011110100001
010110111101011111001011
011001011000100010110110
110011001010110001010101
011000010100100101010011
110000010101010110101000
101100010011000010011110
101011111100011000111010
010111000111000110001110
111100011101000100111101
111000101111100010010110
010101001111111001011000
101101001101110010101110
011001011101011001101001
111101011010000111111100
101010011101011111011011
110001001100110011001010
000001010100110010100111
010001011011100111100111
111000110010110000001101
100010110101111101110011
011111001010001000001101
000001011110010011100000
010101111111101110100000
011001000101000011000000
001011111000001011000101
000001001001000101110001
111100010010010000001010
111000010101000011101101
100010000010011011101010
101101110100010000001101
100101011101011001111000
010011000000000000011010
111001101101110010111010
100011001011111101001010
110100010000010101100100
010111110000100001000100
011011100111000010011110
111011001111110011101100
010111011011110001011010
111110110000101101101100
011010001000100100100000
110000000010001011111111
000001101101001000101000
101111101010110101000001
010101101010001111111000
000001101001010111010000
110110011000110010111110
110000011101001101011111
101010110011100001001111
000110010110011101110101
010011111001110100101000
010110010101001011000110
010110000100001100000010
101111000010100100101001
000000100001111011111100
001010110101101011010101
100101110011101011010011
000010110000000111110110
110011000100100100101001
111000011100000001111010
000010001010110011001011
111011010011000011001001
101110110110011010111000
100001110100011001111001
100001101010100111001001
110001100011100010011001
001100011100100101111011
110101000111101010111101
010000000010000000001101
010010111010111111011101
100011011100001000000110
100000100101110010000000
001110100110011001011110
001010100001010110011000
000101011101011111110111
011010110100011000001111
101010101101011010011101
011110001101001010100010
101110000011100000101010
100010011100101010101000
101110101001110100110111
001101010011000000100011
110110100100010101110000
001101011010000011111111
000101101011010010001101
100110111101011101110001
001001011001011000110110
001110110010101001010111
010111010000011001111011
100001011100110000111011
101001101011010100100000
000001100111001100011111
101110100000000000100010
010101110111011101000010
111011100001011010100101
110011001010010011011001
000100111100000101010111
110110000100000110110001
010110110110010100010110
110010010101110010010100
111100001110001001010101
010001000011001000110110
111000100000110100111100
101111010010001001000001
111001001101011101101111
101100100010001000100100
111100001101000111001111
000111100100111110000010
101110110101101011011111
010111110001011000111111
001110110011111001011000
110100011110100000101011
010011111101000010011000
111101010111011110010010
001011010000110001001101
110010011010110001001001
001110110000001101011001
001110111111010111110000
001101010011101011011000
101101011001111110000101
101010111101000100001100
000010001010001100111101
001101010111011111111100
100000000100001001100000
101100001110010001000100
001111000110101101100101
011111101101110000000001
101100100111011100010001
101110111001111010110101
110101011100111100010000
101000111001011101111100
110101100010011000001110
000100001110111011110100
111101100000001110101001
011001000011110001001110
100111100000110111010111
100110110010111010011110
111001000101001011101101
001100100101110111000010
011000110111011010000001
100010111101010000000101
110010101100110000100110
011101000010100011011100
010000101100111011101000
100011100100011011111010
100001110100011011010001
011011010101010010000110
110111101101111100000001
100001000000110110101110
000000001110111001001110
011100101111101111000011
011011101011010001000110
100011011011111110111000
011010100010000000010110
000000001111010111111101
101100010000100011000100
000111100110101111110010
011000000001010100100111
111010110111110100011110
011011100011000011001011
000001111100010110011001
010110000010101001101111
010000101011000001110101
001001100010000101110101
011011011110010111110001
001100101101011000011100
101110100111001001110010
001101000001001010000011
101111001110111110110010
000010100101001101110101
111000001001010000110001
001000100000010010010101
011111001101001101000100
010001101110010011100100
001101111000010110001111
010101111011010111110101
110000110000110011001110
111101100001011010101010
110111001110100001110001
000111011111001101011000
110011110011100000011000
001000011111010111000111
010001110111000000000100
011000110101011001111000
001011011100100001010101
101101101110001010011001
101100100101110110101111
111010010001110110011001
010001000101100011100111
010010010110010100100011
000110010111111100011001
101010001111100111000010
101100000000011101000101
010110111111000001000001
000000111110101011011100
111110000000111101110000
100000010101100111000010
010000011111001000100111
000000111000000011011011
111100010010000010100010
011110010111010111000101
110110011010111011101000
101100101001110001111000
111110101000010100010001
011000111000111010000011
000011110101000011001000
101111111100011000110111
110000111101010010111110
000100000011100110110001
010010110000110001000111
100001010110101111101110
001111001010011001111110
111001101011000011111101
001101011100011011011110
001001000001111100110010
001001011101010111000010
011101010110111100010000
000001000000001011011100
100000110100100111100010
010101000001111010111011
001000000110010010011011
000110111011111100111110
001101001011110000011101
000010001111100110110100
100011111010011011100010
000011100011110100111001
100100010010000000111100
010000001000001001011001
100010010000111100110110
011101010110100000111111
110111111011001000111011
011111110010110101111101
010000100011110000110100
100101010101011010011001
000000110100001011101110
010111011110111110001010
001010001100101000110110
100100011010000001100111
011011001101011000010011
100010100001001100110011
011111011001111111100011
001100110001101100101111
010111001010101011110010
101010110001100110010110
001100001100010011110000
010110010011011000000111
101110101100000110101001
100111111111100100110110
100011010001101001000111
001000111011011101011000
100101000000010110110000
010001010100110011011100
000011101010000000100000
100110000001010010010111
001110100111110001100110
111010111000110000110101
001010111011110010101000
010011101000001001101001
011000111100100011010101
001010110001000000111010
010101000011011001111110
011101111100111101101010
001111111110001111101101
000101001100011000011100
011100111101010101100000
101101101111111100101101
101101001011101111010100
011111000100000100111101
000001000011010111100010
101111001111101000011010
111000101101111110000010
101101100111101111101001
110011000110001110001000
001100000010010000010100
000111110110010000111001
100110101000001001101001
110010010011101010000000
000110011111001010001000
010111100101010101000000
010100001101000010111110
110111111111101010011010
111110111010010000010101
010001110001111101110000
101110000000111111000100
101001111011100101101110
101111110011010100000110
011110100010011011010111
000010100110111100110000
001010100010011001000101
001011000100111010111001
000111010001011100000010
100100010000111100011010
111101011111111001100110
110110011101101110011001
000110101110111111010001
000111001011011001101111
110011011110000101011011
010101101100111000101111
101011000100000010111000
100000010110100110111111
101101111000110010101111
000010001110111011000011
110101111010110000010000
101010100110111000100011
000111001010000100010100
110010001110110101101000
110011010110010011101101
000000000010111100010011
000001110101100000111110
100000111010000000010110
100111100011101101101111
101000111001111100101111
010000110001100000000101
101101001111101111101010
000000001110011001001000
101110111101011101011110
001010011000000101101101
001001000100110111001110
010110011000001111111011
010111111011011111011010
011100100110001101101111
010011101111111000001010
100100111010001100011100
110011001100110110000000
100110101111000001110101
001100111111000110010111
111100111110010001000011
110110010111111110111010
010011100010101101101011
100011101010100110001010
101100000011001011101010
110001111001000001010100
010000001100100000001001
111010000001110011011000
110100011000000111100001
111100000100011010000110
110110011011000100010101
111101011111011101001110
111010011000011000110101
011100100111011010010011
011100101010100011101110
111101011101111100100010
110111101100010001100000
110101100011001111010101
111111010000101000101011
010110011111110111100000
100100010111001000001000
000001101011011101100111
110101000010110010010000
110101111001010000100100
001110110010001110110010
010101010100100111111001
001101010010111110101011
101010000111110010000110
011110100001000011100111
000011110100111011100101
111110001101111011110011
111001010011000111111110
100101011001100001011100
110001101100000001101000
110111011111000111101010
010011000001001101110111
100000110000011011110111
101110101100110011111000
001011111110010000001001
100010010110001111101010
010010010100111000111011
001010010011011000010110
010000010100111000100011
000001001000010011100110
011111011000011010001001
101011011000110100000010
111011111110000011111001
001000010110111000010101
001011000111001000001000
011010101110000100110010
011010000101100010011111
100100000101011010010110
001000110010000110010100
111110110010100011000101
110010011001101000110010
001110001011011011011100
000000010100000001001111
001011010110001101000000
010011010110100101000011
001011101110111010110010
100111011001000011111110
011101010010011111001111
110101011110011011001000
110100010111101110001101
001010110001100011010110
101001011001001110111010
110001110010101101000110
001010001100111101111000
000010101100111101100010
110010001011101001110001
011110011110011111110100
000100110001011110011000
001110100010100110010111
011000010001101001101111
001010010111111001001101
000001011001010011000001
110000010011100001010111
001011000111011001000110
010110111110111000001110
111110001111011111000111
011010011001101101000010
100011111111111111000000
111111001101000010111101
011010100100000111101001
111111010110010010100100
111110111111101100110101
110001100010110110000110
100101110101000110010011
001010100111101100001010
101000000010010001110011
100110111101101010101101
111100010110000110100000
000011011001100011000001
011101100110100011100011
000100100100111010000001
100100110110110110000001
110111001100101011110111
100001001111110011000010
111101101100001010010101
011101001011010111010010
011110100100000111110000
101001001001101000000000
110001011101010100111101
011110001000101101011111
010001011001110000111111
000110110001100101000000
010101111010011001101101
001011011011100001011010
011011000110101100001001
011110011000011110111101
100011101101111000011010
100001101100000011000010
001101011011001101010101
001000111101010011101011
111101111100101011000001
000011101010001001110000
100110000010011011110010
010100011110010101000110
110111111110111010011010
011010011000011111110010
010101101110001001110111
000101111100100010001100
100110001000111100010101
101111010000001010011100
100001011111011011010110
101001110110111010111000
011000010110010011101011
100111100111010000110111
010111000010010011101100
010111011001000010110001
011001010011110010110111
100000101111111000001000
010010111100110100100010
101011101010000100011010
100010000100010100101100
101010011100001111110110
000011000101010100111110
010001001011010110100001
010001111000111000011001
110110010101110010101011
001101010101000000011000
110101001010001111000000
000111011011011000100011
111101010111101000011100
101110000001100000110111
111011101001101101011011
001000111010110110010001
010101001100010100101010
001101010110111100010000
101011100000010110001110
000101000111010010011101
010001110010010000101100
010000100101000011001001
110000000010100011001110
110110000000000100100101
001110110001000100110010
110010011000101101110001
111100011010001100000011
010101101111111100111010
011110111101000011100001
000111010101001101011100
101011010011001001100010
100100000110100010010011
001011111000100111010010
101110101101110100000000
001010100001110101101110
010110000001111100011100
001111000010101111111010
011001100100010111000111
101111101000011001000101
011000100011010100101111
100010111010111001101101
111111100010111001101100
000101001001011101000111
011100101110111001010100
001000011011010000001001
111110001111011111001100
100111110010000000111100
110001111001101100011111
010001001110101100101011
010000000011010001001101
100001001010000100110000
010110010011010001101011
011001110000000000110000
001011010001000011100101
100010100110010010100110
111111101101001111001001
001011111100001111000001
100010010111000001011001
110000000010010110010001
110100010000001010001001
101010101011010000001000
111101011010101000001110
011010101111011110010101
100011001000110001000101
110010000010110001110111
010100001010110010100111
011001001010001100001000
010010100100111110000011
100001011100101110110011
100101000100100001010000
011010111011111000011110
000000111001111010101011
100010101101111100011010
010010100110011010001110
001110100110010110100010
100110000110110000011111
010010100001101110111011
001101010000100001100100
111000111100101011100001
011001111111100010000001
101000001001100110110010
111101011101100011110101
000001101111110000000011
000111010011001001100000
100011010100000110010010
100001011000001100101110
100111001000100111111010
000011100010100000100001
000110101110010111100001
010010001011011100010001
011101000110101011100110
101100011011111010100101
111101110111100000100100
011010010011111100111011
111010100111110001000011
110011000100101010001111
110000011110001001010001
010101001111011110101100
001100011100110100010110
100000011001010011101001
001000110001110001100111
010100001010010010101011
001010010100110000111100
110101011011111001001010
011101011000101101110011
000010010000110001111001
000100010000111101001110
100111011010100100101110
000000100100100001001111
010100001010001000010110
001000011101110010000101
101000010100110110111000
000010001000001010011001
011100110111101000101001
100100111111011101101010
111011111100110110100010
010010000001101011110010
101010011110010001001110
001100010101110111001101
111011110100011100111000
010100011110010100110001
000011011110110111101001
010010011100001111101111
110001001001010011111000
000001110111111100010000
001001100011001011001101
101011100101000111110110
101100101011011001100111
101001111101100001110110
011111000110000100101111
110000000010010100000101
110111110110010001010101
111110101011010010101110
110011011110111001011000
001101100001111111111101
111110001000101101101100
001000000110111110001010
101101010101000111001001
111001000100000001110001
101010111100101101111000
000101001001110111011000
110001101101101000000101
100101111001000000111010
110000101011100100001111
010101100101001010100110
010000001100001000001011
110111010101000110111000
000110011000001000111110
110101111011110101010001
111011111011110100100011
110000100001101011000001
111011101001110001011010
100010010001110000001000
100101000010011110001101
110101101110011010011110
101101010101110000111010
001111100100001011000000
111111111000101011101100
100100011000101000011110
111000111110000101111000
110000100100001101011011
010000010101001100101010
011000010000100000000111
010111100110011100110010
101101100110011000000001
111100100000101011000100
100001011011110011110101
010001101100101111111001
111001101001010100100111
000111111001001001111111
011110010011101010111011
111000010000011110001000
001100100110010001000000
111100111100101010001010
111100011000100000110111
101111100110011011110100
101010101111000010101010
001001001111100010011011
100000110011111010101110
100000101100100000110000
111010011101110001010100
110100101100111100010010
110110000011100010110000
101111101000001001111010
111010001110110000101000
100011000101000001100101
011100101011110011010110
100010010111111001110100
000010001011001011100110
000001100001001011010001
100101100011000000010101
101110110101001101010001
111000100010110000101001
111011001011101001101001
010001100000101111001111
010110100101110000001100
011100100001110001111111
100111100100010010000111
101100000000111001011101
100110111110111101111001
111101000101100000010110
101100111100000110100001
110010001000011110101110
110101110001010010011000
000111000100000110010100
001010000001101110100010
011110101100101111110110
111011000111100000110110
010101011101101001011010
101100001000000100011101
111001000010011111100011
000011111110011001000001
011101001111001101101100
100010110101000111100010
100100001000010101001100
011010001000100010110001
001100011010011111100101
010110101011001010111111
010001011011100111100010
011101010100001010110010
111000011111010101101111
111010111100101101010101
110000101100010000111000
111111110101101101001101
100000100111001101001111
011000001111011011111100
110101000111010011101111
101100011010101010100100
110010000011011101101101
011100110011011111101001
001001000011000111101000
110001110111001010011000
110011101010011010011000
111100010101110110101011
011001000100000000001010
110100110100100101001011
110111111110000111110111
010001101000010111100100
001010000100110100111110
100000011000100111101010
100101100110101100010100
101111111110111111010101
110000101111100100010110
100111001100101001000000
111111101010101000100110
111110001010001001101010
000010010011111100010111
011011110010101100101110
100011111110010100110110
100101011001010100110111
010011010100111001100111
000000100110001100111011
111000111100100101111110
100111100110010001000101
001001111011110111111001
110000101100101000011000
000001010011110000000001
100010001011011111110001
011101100111000010100001
011011101010110111001010
000001011101001100101011
001000001010000001000101
010110000111100000000010
011000000001110100010011
100011011101111000110111
100100100011111010110111
101100100000011000010001
000010101010100011011000
000010111101100111011110
110000110000100111111000
101101011001100110100110
001111000111011110011110
111001111111010111111101
000000111111011100100100
001101011110100010000011
011111011101000011111110
101001111110110010100101
111110010111000101111100
111110101011001000100111
111011001000010110101001
111111001100001001011100
011111101000100100011011
100101001101010000010111
100000111000100011011101
011111001000110111001100
011100110011111100001000
010010001100011010101101
100100110000001010010111
111010101110011100100110
110110111111011011110101
011111001001100000110011
011100000110010101000100
100000111111001110010001
111110010010011110101000
011001011110110111101010
101001001100011100111110
101111101110011111011010
101000011010011110111110
001100111111110100001011
110101000111110111110101
100110100111110101101000
101110001010100000110101
010110011010010010011111
010010011100001000000110
101011111000100000100001
111001010001010010001111
110000100111011100101100
000110010100100011011101
001010101111011000110111
100100111001000110010011
111001001000011011001100
101110110100011110100111
011100100011100000110001
110111000000001010101110
110010100110110011111000
100110001000111111010000
001001010001101011111010
111111110000000110010101
110001000011010101010000
001110111001110101010010
011100110000010101001011
011101110011100101010110
010101000001010110001011
101100001001110000000101
010010001101001100101011
111101011011000010000010
101000000001100001001111
111000100001001111010111
100100010100001011000100
011010010001011011100110
011110011011010001000110
001100101011010100110100
101111101111011101000110
001011001110100110000000
100101110000010000011010
011101111110011001011110
001010100010111100000000
100111001111100111011110
100101010011000000101010
100010010010110111010110
000100100110110011011001
010101101111000100111110
010001001011001001101011
011111111110011100010010
000110101110100000111011
110111100000001100111111
100001000101010000111001
101111000100011000100111
001011011110010010111011
111011011101001110000011
101010101001000101110010
000010101111000100110000
000101101010111100111110
010011111100010101110100
111110001110001011000010
011010110010000011011000
010111010000110101101011
000001011001011100011101
000001110110100001110001
001011011111100101001011
001011101000001011011111
101100000110011001011001
111110001110010110001001
000111011111000011001110
011011010000100110000001
101010101000100011000001
010111010011011010101110
110001100011011000010010
000100101110111111100100
100111111111001100101101
000001001000010000000101
100101001011001000100100
110111101100100111111000
001011001001000101110111
100001101011111001111111
