-0.232711 
-0.683739 
0.283769 
-0.923183 
-0.866301 
0.077972 
0.836511 
-0.666574 
-0.750781 
-0.972611 
0.525525 
0.445508 
0.708878 
-0.500086 
0.229801 
-0.902777 
-0.774411 
-0.303705 
-0.056102 
-0.840936 
0.364059 
0.050575 
0.031733 
0.880780 
-0.736545 
0.301563 
0.694374 
-0.308193 
-0.863703 
-0.977039 
-0.986420 
-0.415051 
-0.564675 
-0.396196 
0.190795 
0.127386 
-0.564008 
-0.218832 
-0.323754 
0.491745 
-0.262012 
-0.153559 
0.142871 
0.176240 
-0.942508 
-0.817740 
0.002043 
0.836506 
-0.504768 
0.305876 
-0.869594 
-0.967325 
0.040179 
0.304697 
-0.211691 
-0.238729 
-0.260790 
0.506260 
0.223800 
-0.521697 
0.850520 
-0.236228 
-0.253090 
-0.340449 
0.807568 
-0.067767 
0.016401 
0.589458 
-0.729799 
-0.590008 
-0.619648 
-0.996218 
0.715550 
-0.979981 
-0.982631 
0.680971 
0.540086 
0.714320 
0.866904 
-0.969854 
-0.620312 
0.388208 
0.954595 
0.150521 
0.124740 
0.883549 
0.372711 
-0.337685 
-0.319887 
0.868743 
-0.385008 
-0.922475 
0.135560 
0.301699 
0.477383 
0.912746 
-0.387887 
0.518208 
-0.437346 
0.803819 
0.341176 
-0.416902 
-0.353030 
0.433544 
-0.631542 
-0.119344 
-0.270967 
-0.572986 
0.067093 
0.664543 
-0.054410 
0.264714 
-0.605998 
0.995099 
-0.995325 
0.230626 
0.648937 
-0.171869 
0.792633 
0.024026 
0.923370 
0.215738 
0.332188 
0.842909 
-0.102622 
0.266596 
-0.576970 
0.120687 
-0.792781 
-0.415342 
0.088034 
-0.638257 
-0.447849 
-0.534806 
0.097636 
0.114097 
0.241025 
-0.998686 
-0.624433 
-0.047461 
-0.963686 
-0.050184 
-0.846819 
-0.498617 
0.162363 
-0.697973 
-0.179579 
0.786072 
0.708868 
0.085511 
-0.079084 
-0.701210 
-0.022192 
0.138241 
-0.317080 
-0.164155 
-0.646456 
0.669554 
0.351590 
-0.629114 
0.222266 
0.410303 
-0.943362 
0.041739 
-0.481759 
0.016432 
0.946482 
0.636463 
0.717523 
0.793235 
-0.400991 
0.760050 
-0.489573 
-0.615704 
-0.626763 
0.722215 
-0.110802 
-0.226789 
0.664012 
-0.587015 
0.795606 
-0.080994 
-0.673100 
-0.462500 
0.041402 
0.544736 
-0.225218 
-0.911150 
0.973695 
0.046047 
0.687366 
0.783714 
0.371178 
0.035689 
-0.116088 
-0.239718 
-0.936312 
-0.568236 
-0.829392 
0.593753 
-0.196389 
-0.900412 
-0.367023 
0.742440 
0.862812 
-0.148531 
0.732311 
-0.038714 
0.816685 
-0.498932 
0.053288 
-0.510338 
0.676879 
0.051447 
-0.300392 
-0.485737 
-0.662344 
0.198470 
0.621984 
0.697839 
0.689545 
-0.529994 
0.016571 
0.338709 
-0.818517 
0.085997 
-0.404017 
-0.236314 
0.067773 
-0.146949 
-0.535928 
-0.943162 
-0.947944 
-0.451398 
0.388961 
-0.340004 
0.500978 
0.591304 
-0.892516 
-0.981552 
0.456249 
0.328784 
0.170653 
0.838076 
-0.665326 
0.943928 
-0.560786 
-0.923503 
-0.542077 
0.415532 
-0.294756 
0.418976 
0.177385 
-0.782488 
0.293647 
0.462230 
0.726760 
-0.954705 
-0.697598 
0.050388 
-0.546871 
0.683327 
-0.139934 
-0.401219 
0.154338 
-0.310495 
0.714022 
-0.426862 
-0.118093 
0.532782 
-0.233971 
-0.522392 
-0.212175 
-0.608333 
-0.118597 
0.236801 
-0.536289 
0.742866 
0.462840 
-0.360102 
0.623553 
-0.082289 
0.351938 
-0.424430 
0.461040 
0.468443 
0.415858 
-0.581069 
-0.657683 
0.067482 
0.417724 
-0.997974 
-0.618034 
0.472027 
0.991089 
-0.605741 
-0.534219 
-0.329618 
-0.721940 
-0.326964 
0.132292 
-0.078013 
0.783090 
-0.765203 
-0.787640 
-0.216219 
0.393486 
0.777054 
-0.907592 
-0.415645 
0.907497 
0.521939 
-0.888459 
-0.943151 
0.854142 
-0.258819 
-0.968333 
0.007272 
0.898308 
0.864877 
-0.892587 
0.829104 
0.007507 
-0.616920 
0.237669 
0.750646 
-0.160244 
0.860864 
0.060718 
0.688795 
0.521010 
0.297896 
0.858580 
0.397159 
-0.543382 
0.406815 
-0.523935 
0.080672 
-0.245478 
0.265765 
0.975197 
0.553860 
0.433763 
0.685240 
-0.476172 
-0.077433 
-0.274156 
0.233989 
-0.381101 
0.265313 
0.558106 
0.776076 
0.357676 
-0.571210 
-0.606516 
-0.178784 
0.533963 
0.573399 
0.199191 
-0.679878 
-0.624778 
0.718269 
0.030605 
-0.062029 
-0.989448 
0.515202 
0.027370 
-0.116192 
0.948907 
-0.299350 
-0.604600 
-0.042814 
0.777787 
0.119653 
-0.501763 
-0.470070 
0.126761 
0.586312 
-0.957644 
0.473831 
-0.197724 
0.420131 
0.282202 
0.295586 
0.917452 
0.031337 
-0.974308 
0.657188 
0.253070 
0.216774 
0.411991 
0.070120 
-0.877720 
0.111243 
-0.866204 
0.503978 
-0.929223 
0.917244 
-0.252373 
0.993576 
0.517462 
-0.833295 
0.025480 
0.733873 
0.318671 
-0.862292 
0.850283 
-0.921289 
0.981442 
0.399267 
0.723967 
-0.663282 
0.381010 
0.696961 
-0.540965 
-0.750207 
-0.897636 
0.279033 
-0.843576 
0.541408 
0.114262 
-0.811872 
0.456921 
-0.159784 
0.341695 
0.613355 
0.779566 
0.336433 
0.657913 
0.936017 
0.499143 
0.162296 
0.904949 
-0.570338 
-0.588018 
0.970741 
0.032894 
-0.523618 
-0.227554 
-0.574344 
-0.403213 
0.376101 
0.245246 
-0.792895 
-0.427902 
0.202714 
0.736977 
0.631370 
-0.250165 
-0.034055 
0.555647 
-0.562019 
-0.689654 
-0.506194 
0.954310 
0.081518 
0.329293 
0.346152 
0.227265 
-0.866727 
-0.078174 
-0.297986 
0.210444 
0.224317 
-0.391560 
0.678167 
-0.654275 
-0.988960 
-0.566019 
0.069786 
-0.315062 
-0.668514 
0.223666 
-0.430255 
-0.395357 
0.001437 
0.057380 
-0.971677 
-0.763811 
-0.721705 
0.524171 
-0.586062 
0.007028 
-0.532490 
0.324262 
0.283624 
0.699340 
0.747798 
0.893659 
0.617128 
-0.846585 
-0.399979 
-0.789537 
0.405810 
-0.094597 
-0.300790 
0.610700 
-0.885451 
-0.623446 
-0.440908 
0.506105 
-0.186620 
-0.363224 
-0.122848 
-0.299283 
-0.078390 
-0.175592 
0.894244 
0.895780 
-0.079128 
-0.259632 
-0.326543 
-0.023127 
0.703060 
-0.863708 
0.052472 
-0.342390 
-0.315792 
0.462027 
0.666320 
0.415517 
-0.683700 
0.953641 
0.119595 
-0.055696 
-0.209412 
-0.831288 
-0.447253 
-0.266055 
0.594344 
-0.976350 
-0.540620 
0.374147 
-0.926638 
0.572700 
0.321963 
0.510197 
0.035306 
0.980668 
-0.644134 
-0.125947 
0.261172 
0.347230 
0.834997 
0.815205 
-0.872358 
0.274462 
-0.037818 
-0.424982 
0.443080 
0.009775 
0.354591 
0.604775 
0.366659 
-0.769013 
0.915277 
-0.328895 
-0.363417 
0.336695 
-0.706429 
-0.443992 
0.318831 
0.084454 
-0.431810 
0.952391 
0.149158 
0.454394 
0.758619 
0.324167 
0.043602 
-0.490468 
0.347359 
0.718202 
-0.054938 
0.825051 
-0.875008 
-0.024880 
0.830136 
-0.020366 
-0.031396 
-0.451736 
-0.817823 
0.331880 
-0.748888 
-0.782389 
-0.114208 
0.106224 
0.925076 
0.143021 
-0.848221 
-0.275056 
-0.961036 
-0.072187 
0.911799 
0.955137 
-0.714050 
-0.454430 
0.941753 
0.543831 
0.211708 
0.684766 
0.357188 
0.847016 
0.949455 
-0.883847 
-0.947242 
0.419535 
0.279935 
-0.064125 
0.114332 
-0.811311 
0.639809 
-0.250531 
0.824461 
0.678786 
0.185808 
-0.808133 
-0.523358 
-0.953405 
-0.691934 
0.760892 
-0.762078 
0.719877 
0.730978 
0.790915 
-0.976623 
0.592198 
-0.635709 
-0.935389 
-0.673707 
0.096351 
0.536793 
0.559024 
-0.301859 
0.416507 
-0.338753 
0.232121 
-0.082211 
-0.561761 
-0.135884 
0.278734 
0.662267 
0.417452 
-0.640455 
0.159809 
0.555791 
0.518090 
-0.498755 
-0.312465 
0.461462 
-0.425432 
-0.112213 
0.679664 
0.967312 
0.229106 
-0.646900 
-0.871809 
0.371393 
-0.540131 
0.329023 
0.688449 
0.470092 
0.799004 
-0.511527 
0.767248 
-0.908739 
-0.014208 
0.160867 
0.897898 
0.263307 
-0.054938 
-0.756829 
-0.440579 
0.538427 
0.501596 
-0.963831 
0.696912 
0.804693 
0.352078 
-0.918803 
-0.009162 
0.373161 
-0.926259 
-0.498854 
-0.367110 
-0.666381 
-0.080748 
0.835681 
-0.901969 
-0.436143 
0.630269 
0.786225 
0.580552 
-0.954721 
-0.841543 
0.841739 
0.028280 
-0.915066 
0.581255 
0.456227 
-0.809200 
0.578971 
0.414319 
-0.220371 
0.812271 
-0.745310 
-0.079316 
0.054566 
0.228100 
-0.896436 
-0.956934 
-0.777039 
0.110600 
0.210140 
0.568087 
0.909512 
-0.611369 
-0.066646 
0.822242 
-0.168083 
-0.403975 
-0.485281 
0.663808 
0.389071 
-0.987643 
0.274304 
0.630025 
0.322639 
-0.330130 
0.918318 
0.070693 
0.133280 
-0.768275 
0.017832 
0.629946 
0.264542 
-0.739816 
0.066486 
0.902166 
-0.844012 
-0.126537 
0.563322 
-0.672720 
0.385675 
-0.130639 
0.639807 
0.108823 
0.576292 
-0.464204 
0.058565 
0.298425 
-0.638124 
-0.603809 
-0.688707 
0.971716 
-0.498870 
-0.254751 
-0.041361 
-0.391164 
0.422851 
-0.058245 
0.253404 
-0.583442 
-0.216783 
-0.657853 
0.161067 
-0.446472 
-0.815911 
-0.478727 
0.674397 
0.505922 
-0.270944 
0.199287 
-0.314535 
-0.127041 
-0.483559 
-0.135854 
-0.928832 
-0.842543 
-0.321087 
-0.583123 
0.486412 
-0.003573 
-0.862972 
-0.219682 
-0.482319 
0.510350 
0.758057 
0.737524 
-0.575012 
-0.109046 
-0.955171 
0.553100 
-0.198573 
0.246658 
0.947105 
-0.241958 
0.393684 
-0.095381 
-0.113031 
-0.512483 
-0.664531 
0.288837 
-0.974650 
-0.978266 
-0.172964 
-0.353056 
-0.310770 
-0.511643 
-0.180293 
-0.903797 
0.896388 
-0.925828 
0.067960 
0.047449 
-0.826658 
-0.536520 
-0.233027 
-0.150561 
0.547235 
0.705934 
0.891495 
-0.763534 
-0.624562 
-0.781754 
-0.091062 
-0.595653 
-0.433359 
-0.319684 
0.220751 
0.313343 
0.959349 
-0.152581 
0.670726 
-0.621060 
-0.217533 
0.124214 
0.913679 
-0.911564 
-0.870932 
0.816671 
0.387936 
0.708580 
0.544735 
0.916098 
-0.234697 
-0.157857 
-0.478387 
-0.005026 
-0.980856 
0.757537 
-0.340181 
-0.611980 
-0.435809 
0.900144 
0.282773 
-0.441815 
-0.385541 
-0.114329 
0.783204 
-0.349326 
-0.250917 
0.550961 
0.314857 
-0.987979 
-0.824857 
-0.500493 
-0.476774 
-0.775078 
-0.010432 
-0.057544 
0.072238 
0.868505 
-0.875818 
-0.831384 
0.603955 
0.018653 
-0.220413 
-0.762565 
0.310485 
-0.478208 
0.040894 
-0.931887 
0.925312 
0.864679 
0.045507 
0.254891 
0.691162 
0.750887 
-0.891656 
-0.857461 
-0.609190 
0.083278 
0.092586 
-0.476258 
-0.581249 
0.472400 
-0.187806 
0.030980 
0.421158 
0.982940 
-0.688091 
-0.051224 
-0.041438 
-0.152171 
-0.025319 
0.988559 
-0.837278 
-0.972386 
0.973077 
0.900361 
0.568563 
-0.851483 
-0.164821 
-0.281526 
0.973395 
0.878090 
-0.969129 
-0.053477 
0.796323 
-0.712670 
-0.508549 
-0.737068 
0.406160 
-0.339906 
-0.793048 
-0.557367 
0.700336 
0.576234 
-0.628658 
-0.210310 
-0.480738 
0.197536 
0.335639 
-0.847120 
-0.214636 
-0.536876 
0.892340 
-0.281168 
-0.418550 
-0.808111 
0.289886 
-0.007764 
-0.467123 
0.465739 
0.898599 
0.931437 
0.656907 
-0.620239 
0.568944 
-0.080551 
-0.749258 
-0.233770 
-0.865150 
0.821011 
0.950814 
0.396155 
-0.508079 
0.350876 
-0.820187 
0.936718 
0.329559 
-0.773625 
-0.834468 
-0.928289 
0.143947 
0.679237 
0.536695 
0.999239 
0.210212 
-0.265526 
-0.966180 
-0.529109 
0.358543 
-0.141983 
-0.667436 
0.085485 
0.177223 
0.623213 
-0.055580 
0.836940 
0.726972 
0.043674 
0.057875 
0.359170 
0.363369 
-0.621877 
-0.055495 
0.233911 
0.851853 
-0.667702 
0.728231 
-0.451475 
0.147946 
-0.750391 
0.035279 
-0.838314 
-0.259461 
0.348189 
-0.947312 
