000000000111000010111010
000001011000010111000101
111100010010011110010010
111001010011101001111111
111110100001111011101100
111000110000000100010011
111101011000000000110100
000111100101011111100111
001000101111011010110011
001010011111011101001101
111011111000111011010011
000000100100000111101010
111110101100110000101010
110110111011011010110100
000000011010110011001111
000111110011110110000011
110100011000000101000010
000010010110100011000011
001000011011010111001110
000111100010110001111011
000011001100110001101010
000101111101010101111100
000001001010001010011101
001001111001010000011111
000100100100100101011111
000110100011101100111011
111100100000000110000010
111001000010110101110101
000010110010011000000010
001100001011101001100110
000110011110100111110111
111001110100010100000111
111101100101101111010100
001010001100001000011010
000011010110010010101010
000000000101010110111010
110100001010111101010011
000110001011111010100011
001001100110001001010111
000001011110100111101000
110111001000011010110011
000110111010010100010010
111110000011101000011010
111010110100110010011000
111010110010011001100100
000011101001110101001100
000111100111000001010001
101111010011010101110110
001011000001110101100101
000011001101100010100000
000100001110000100010110
000100101011101010101010
111001001101000000100001
001000001101101000110111
111011010001110101100101
000010100010011110101011
110110010000001101101011
111010100000000011010000
111110110011010101101100
000100111000011101100001
110110011000001100010101
000011001111001000111010
000000000001000100011000
110110010000010011101001
000001001000101110110001
111100011010111100010111
000001000111111000010110
000010010111011011011101
000000111010101100111010
111011101100000010000001
001100010101001000101001
001101010011110011010000
000111111000001000001011
000010000101110010100000
000101111101010010010101
111001001001001000111000
000001010100101110001011
110110000000000101110111
010000111101111010111010
111011011111011000010001
111011001000011111011100
111111010111111000100101
001011000011111100111000
111101000111000111010110
111101001001010101111000
111100010001011011001101
001001000101101110100000
111011100111011100010000
111001111110010011010100
111011001010101101110000
111011101000110010001011
110111011101001001110111
111011101001010010010010
000100100100011101011000
001011000010110000010010
110111011000110001000101
000000111110101000001011
000100000000001000001110
001011001000100001000010
110110011101010111001000
000001111001000110011011
111101100000001111010110
000011000111101000011000
000001101111100010001000
000110101000001110001101
111000100000100010101100
000000101101000000111011
111111010011110101101111
111010001101001101110011
000001111111011001100101
001000111011111101001001
111001110001110101001100
000000111000101010100100
111010111100111111010001
000010101010011011011110
000110110011100110111101
111011100101101100001011
111101000000101110100101
000010110010000100100011
111100010011111110111011
111100011000010011111000
111001110001010000000111
111001001111100011011000
000110000000001110101111
111100010001001001101011
111101110111111111100100
000110100010000101111110
111101101111011110000010
000101010111101111010001
000111100110111010001111
000110001100010001111100
000001111111111011110001
000000100000000001101110
000010001000100100010010
001000011001001001101001
000111111010011001000101
001101101011010111000110
111100001101010111000101
000000100101000111100110
001000001000111110001110
000111100111111100001000
000101011110011000000101
001110010111111101101110
001000100111110111110010
000100011111101111001000
111001110110110010100111
111100101011001110010001
110011001000011100011111
110110100010011101011101
111100000010110111100110
000011010110011110000110
001000101000001110011111
111101001000010011110000
001001100001011100111001
111101111011000111100011
111010100001111101100100
000011110011101011111110
001100100011111110101001
111101101110110100100101
000010001111010111001000
000001111000100011111110
000001001010101001001011
001010001110010100001101
000001010001110101100111
000110011000010001110111
000001111110000001110000
111101000001010100000010
111011110111110011001001
000011011010001011000001
110110111110000111011100
001000010100101001111001
000011101000100100011010
111111110100101100111011
110111011111101001000000
111011000011000001001001
110100001110010101011100
111101111001100111101111
000011110110101011001111
111101000011100011110010
000011100110111110110011
000101110100000110000000
001001100001001111001110
000001111101000011001100
111011101110110011000011
000001110001011111001110
000011111101101000011111
111111001110101110000001
000110011110011010011011
111111111011101101000011
111001110101100100001110
110111111010000000010100
000111000010010101101011
111101111011000110110111
111100000110111010011110
001000000010100101110010
111101000010010000000110
111010010000011100010111
000011101011110010100110
111111111100100111011110
110111010110101001010101
111100000010111111000000
111001110011010011100011
000101110110011000011010
111001101100111011001001
111100001011001011100111
001011010011111100011111
110111010101111011101010
111001111110010100010000
001011000110101100010100
001011101101101011011000
000000011100101101010011
111001100010101001011101
111111100100110101110010
111111111111100000100101
110110110000111000011110
111100000001010111001110
000111010011000111110001
111101110011010011111011
111000110110010111101000
111010101110100001110101
001000111101111001101100
111010111110000110011110
111011101001100111001010
110110111100101001110111
111010001010000010010101
000110101101101111011010
001000010000101000011011
111110000100100001001101
000100101101010010101011
000010011110000000110010
000000000010010100111101
111110100010000100001110
111011111010000111101101
111110010011110100111000
000110111111010110010111
111000111001011010101101
000100110110001101101101
000001110000001000110010
111000101001010101010010
111011110000000101111010
111101011011010001000100
111101011110100011110001
000010100001101011001001
000010000111101101101000
000001011100000001010111
110110111001011100000010
111000011010111111011100
000101100100110100100001
001000110101000010000101
000110101100001011010001
001011011010100100010001
000000010111110111010101
000100011011101100000111
001001010111000100110001
000000001001110010010001
110111011011011010100110
110101110010111011100010
000101000010111001100111
000000100010111011101110
001010100000011111000110
000001100010000000111011
111101100010011101000110
111010011110110010111100
000010100100100111101011
111000000110010100111011
111001011010100011100100
111000111010111010100100
000000100101000011110010
001010010110011001100011
000111100010100101111000
111110000100100110001110
111111111001001100011111
000100010000010110001011
000100000010110000111100
000000101001101101010110
111110001101111010110111
000100110100001011100011
001011011110100000001011
111011001100000000110110
111101111010010000000111
110110111100110000110011
111101101110111111011001
111110011110010000100010
111101010001011010111000
111010100101111011110000
111100111110010101011011
111000100101100111101001
111010110001100001010100
000010111000100101101000
000100000011000011001010
111011111010011000001001
000001100010111111000100
001011011100101010111101
000000111100110001000001
111010111101010000100101
110011110100000000000001
111111001010010101000111
000000101001001010011000
111101101100101100101010
111011110100111011010100
000000001011011110111110
111001011010001110000001
110110001110110001010010
000011001001000110010101
111100111100010101101011
000101100100010000000011
000001011000101001110010
111110101110100000111101
000100100001111001110100
111010100100110010000100
111111011110101001000110
000111011111110010010001
111101000001001001100110
000010101110000110110010
000001010000011100011011
000010001000001111101001
000000100101101101011010
111100000001110001100101
110111011011111001001001
000111001111001010110110
111011101011110111011011
000011011100101001110111
000110010110000001100001
110111000000100101010111
111010010000101110001000
110010101011010010110100
000111111010010010101010
000101011001010000001111
000000110100111010111100
000101100100000110111001
111100110001111100010101
000011101111101110000110
000111111100111101011100
111110100010011110011110
111111010011110000111001
110110010100011100101001
000100000000011110000001
000000100110011000101000
110100011111011100000110
000001010011000010010001
110100101011110010000011
001011111000111000110100
000111011111101000101000
111101010010011111101010
111110001010010011000100
111110111100111000101011
111111100101011101101011
111111111010110011011001
111100010100100001000110
000110100100101100110110
111011110000100000100111
111000110001000001011011
111100010101000010100010
000000100111110011000011
111110100111100000010101
000101001010110010010110
111110100110100110100000
111011110011101111111010
001000110000110011100110
110000011000111010100110
001000100101100100101101
000110111110011101010011
000001011001010011100111
111010111110000100000011
111101111100011100111000
000001001100110110101100
000000100011011101010000
111011001101111011100010
000010001010011110101011
001010100011000011110010
000011001001101011101000
110111010011010011010000
111101011000010111011100
110110101011000001000111
000110000111100101011100
000101101010111111100001
111101101110011011001110
000001001100110110011011
001001111010101110001010
001000110110011010010101
111001110110100011100001
000110101100110010101000
000000101001110101000010
111111100111000000011100
000111001110000111111000
111101101001010110100100
111011011000100001100101
000010011111110001000000
000111100001011001011010
000011101000101010101110
000110001010011010011100
111010010000111010001001
110101000111101111101001
110101001000000011010000
000001011001111100011110
000010000101110001100111
111101000101001101001000
000001010100011100011001
000100011100000111100000
111110011101110011010111
111101100000111011111100
000001101001100000101100
111111111000001001100100
111011101011101110101101
000010111101101001001011
000101011110001001001110
111101111010100110101111
000010100111000111101101
001011100100110110001111
110010111001000011110101
000111011010000000100111
001001011110100111110000
111110110111010001111010
000000001011010011110111
111101010101111010101101
111000010011111101010100
000011011000000101010110
111010110001100101110010
111011000001101010010101
111110001010110100111100
000100110000000110100110
111110001110010111011101
110111101010001000111110
111010000101100000001101
111000110100100110000001
111101101010000000101100
111000001100101110111011
111011011011011000001110
111110100100111111101110
000010011111000000111000
001000000100001011110001
111101111110001110101111
000111110011100110101110
111010001111100001011101
111111001101111001110101
111001111010110110101101
111111000000011000011011
000101010100010010000000
000100101111001110000011
111010010101011000101000
001001001010011010000011
001001100001001000101111
000010110010111111010010
000110111010111010110011
000010101101001000101001
111111101100111011000010
001000100000011010110101
000110011010000110100001
000000010001000111110000
111110100111110110000111
001011001000001011001010
000100100110100010010110
111101101111011011000111
111110011011110011100000
110101111000001100111001
111010010101110000010100
111001111101001010100100
111010001101100111000111
001000001011000110111111
110110110100101111100111
111010011100110001100001
000011111000011010110101
111010010101101100001101
000011111011001000001100
000101011101110101010100
000010011101010001111101
111101111110000101110000
001011000101000000001011
111101010111000011011100
000011011101110111111000
000111110101100101011101
111001000000000011110101
111111100110101101110111
111100100000000011010011
111101000111000011000000
000111000110111100011110
111110010011101100111011
111001100100010110110110
000010010101100100010100
111001010100010001001111
110010110101100111000000
000101001010111010010000
111101101110111100110010
000110001000100011001101
000101101101110111001001
111010110001011101000100
111110101100010011101101
001011000001100011001001
000000010100110111100000
111111110001101010101100
001100101001010001101111
000100011001000010000000
111011000010101100001011
111110110010000111001001
111101001010000101101101
111100011100110001110001
111110101111110111110111
000101011011011110110010
111100101011111000001101
000001000101010100101001
000011111010001010010010
000010010101001010001000
111010101100101101100100
000010011000010100011011
111001000110001101011100
111011011011001100111111
000000110110111111111001
000011010100100011001011
000101001001001010110110
111000010000011100100111
000110010010001111011100
111010110110110001000001
000000101111110101000011
111111001100010000110001
000001011001111111111101
111101110000110111011001
000100100110101100101011
000111101110111100101011
111101110000000101110010
111101010000010011001000
111101011111011010010011
111111110110001111011010
111011010001111011010100
000100101110011100011110
000111000011111110001010
111111110101011011100001
111101011001111101011100
000001011111100110100010
111000100111100100001010
001111011010111111000100
110111010111111010001111
000100101010101111010100
000011000100101011001001
000001010011010010011010
000010111101101001001000
111011000110101010111001
000110010010010111000100
111100100111001010010010
111011011111111011100010
111000110001011011011000
111111011011011001000000
001001000101101101001110
001000011110001011110000
000010000001111111000010
001101010011010100111101
000101111110111000011100
000000111000110001110101
000010011001011011110001
111010000110001000010010
111100111111110110011100
111101011101011101111011
000100110001110111000111
000000001111001001111101
000101010011110001111101
000100001010011001100001
001000010010000000001110
111100011100010000111001
000001001111100101110011
111101001000001101001000
000000110110011001010001
110110111011001100111001
111111100100000110001100
000000110001001010010011
110111100001100010101111
111110110010101001011101
000111101100001110101100
000010110110001011000000
001001001000010011111000
001100110010101000001000
000010000010101010110011
000010000110110110110101
000000101100111100001101
110111001001111000101100
111100001110111001001110
001010010001010011011010
000111011110011100100110
111010001100000101010001
111101100011001000110101
000111010011000110101110
000001101011101010110000
111111000010001111101110
001001001000110110100111
000010001000001111000110
111101011101001100001111
000011101010101100110100
000111000000000010000011
111010101101101011011011
111010000000101111001110
000001101111101010011011
110000100001110101000100
000000100100110110000110
000001111000010000100011
111011010010110111100101
000010000011001110110111
000110011011100100000000
111110100010101010110011
000000110111010110011000
110001000110110100110101
111101000111001000010010
111001011111011000101001
000011011101110010000001
000110100000000010001100
110111110010010101100001
111101011100111011110111
111110000000000100110011
101110111101001110100110
110110111000011001111101
001100000011101111011010
000011010001111001001010
000111000110101101100101
000110100010111010001011
110110101010001110010101
111000011111011000101100
110101001000100110110110
000001100010111110110011
000000110111000010000100
000000101110000000001100
000000100101001010101100
111110101110001110001001
000010000010001011000101
111100011111010010010101
111101111110111001111111
000001100010011101000010
110111100111010000000000
001001011100001100110100
001010101010010001110111
000000001101001100111000
001001001111110101100110
001000010001100100010111
000010011111010001101010
000001001000100110010101
001010010001011101101010
111011011100011101100100
000010101011100010101101
001010111001001110101100
000000000001011110011110
111100001010011001011111
111101011011101101010101
111110100011010111010011
000000000010111000011000
111111100111011101001010
111110100011011101110001
111101110110000001110010
000110110011010001001011
111011101011110011110010
000011011011000011101111
000111100100011011010101
110101111101100111110010
111111001010000000100100
111111111000000011000010
000100001100000001011100
111111000101101010101000
000100101111100110000000
111100001011110001101110
000101010100000100000001
110111111111000001100001
111011000100111011001011
001011001010111110111100
111000011010011001110110
111111100100100011001000
000111000111001110111100
000010001111011000110011
111100010110000111010100
000111101101000001010010
110100100110100100100001
001110110101010001000000
000000001110110110101111
000101010111110101101110
000111101110000100000110
000010101110101101100010
110100110000000111001011
111110000110011100000110
111101100100000001001010
000100101010101101101010
000110100001010101001011
000111111001111010101011
110111110111101101001001
111000010010101111110110
111000001101011001001100
000010110100001100000100
111110100011011101011001
110111101010000011010100
000101010011111101100100
111110110111100101001100
001001001000000100010000
000110101100011001111011
111011101100101000111000
000110011101011100011011
010010110010110011000101
001010011001001110010111
111110111011001110110101
001000011001110100001100
000101101100001110010100
000001011011011010111100
000101010001110000000010
000100011100011011010011
111011010010001110100001
111111110101111101101001
000010110100001011111110
111111010010100111001101
010001001111001001011001
110111011110101011011000
111110000100100010010101
111001001111100110100011
111110011100110010010101
001000011001110110101000
111100101010100000011011
110110010000101110011000
000010010101110111110011
001110011101101000110110
000001010001010010001010
110000011010110101110101
110101100111011011001001
001000110011011011100011
110100110111111000100011
001100000101101111001110
000011100110001011100000
110111000000110100110111
001101000101110001001011
111101011010011100110101
111010011000010101010010
000101011110111100001111
110110111110101101110111
000010000100001110100011
000000001100000011000001
001011101011111101110011
010000000100010101110000
000001101100010111001110
000110100000010100000100
000011010000100010000111
000010100010111001000110
111111100001100010100100
110011000000010010011101
000011110000011111001010
001101100010000010001110
000110110000001001011001
111101111111010101011010
111010011110100011110101
111110101111111010100011
000000011001100110100000
111110110001101110001000
110101010001011000100101
000011010011100011011000
001000001110001101101100
111111010000001010000100
000011100111010000111100
001001000001010000100000
001000011000110001011010
111101100001010110111101
111010100110100101101000
111010010001011001111110
111101110111011001101010
000100101101011011110100
000111010101000001100010
111000011000010000011010
111010100011011001010100
111011001110010111001110
111101010001100011111110
111001000110110110110010
111100111001101110101110
110101110111110010010101
111010001111001001101010
111010001110001101101111
110111011011111001111101
111111010001000101111111
000000101001010111110101
111011100010110110110001
110110011001010100011011
000101101001001101101101
000001010101000011101110
111101111011011010100000
111100101111001110100111
000010000010100110101101
000000100001001011011111
000101001101010101000111
111100101001010000100101
000101101101011010011101
111111010110001000001010
000000110101101101111011
000110100110100011111000
111110011101000100100100
111100011000101011011110
000100011110101101110000
001100010111100110111001
111101111111101110111110
001001010000100000010110
111111110001110111000000
000001001010001000011011
111010001111010001111010
111011101101111110000010
111111000001100110001010
000010011010100111110100
110110101111110010101110
000101011011111000110000
111100001100010111001100
001011010011110011110011
111111000111001011110101
110111000001000100001101
000000011011110000000000
110111111101010100001100
111000110110000001100100
000100100111111010001110
111001110000010011000111
110111000000111001100100
111001110011011001010110
000000111000100110110010
000101011100101100011110
000000010100011111101111
000000111111011110011011
000010111101100101110100
111111100110100111010101
111011010011100000111010
111110000111110101110101
111110011001111000011011
000101000110101111110100
000111001100010111000001
111100010111111101001001
000001111101000101111110
111000111011101110000101
111100101011000010000101
000011001101010000111010
111011000100111010100100
000010111110011110000100
000000101011100010110110
110110100100001001100011
000010100001010101000011
000111111101011110110110
000100110111111111001000
000001001100010011111110
000111010010011011100001
000101110101101100011000
111110010000111100010001
000111101001010010000011
110100100001111101010100
000000010110101110010001
000011111001101100001100
111001100111101101000100
000000100110101101101110
000000111001010010000100
001011011011100111111110
111110011111101011111110
111011101111101110100101
000001110101011010101010
110111101010101011000100
000000010001010000101011
000001011001000100100011
111111011110010010010100
111101110111101010110100
111110110101101000111100
110101110111001001111010
000111000100101111101111
111110101111001110001111
111101010100011111101110
111001100010011000010000
000101111111100111111001
000101001110111001000010
000101010101111111101010
110001011111100011011000
001010111010101010011101
000010110101001100110001
111000111010110101100000
111011111101111011111111
111111100011010100111100
111110001101011001101111
001001110010100001100010
000101000001001011111011
111011100001101110101011
000100100111101110110000
001011010101101110011111
111011010111101111101100
000101001010010110001110
111101111110001111010011
110101110101100111011110
000000100001010010010110
000010001010100101001010
000100111000111101111001
111010011100010111010110
000000000101101111100011
111001001001110101001011
111010111110010101011000
000001101100111010010100
000000101001001000111101
000000111011000010100000
001000111011100110011101
111010101000000110110010
000101100001101000011000
111111111101011101111110
000110001010010010111110
000000100010001100100010
000000011011101011110110
010011101001010101001110
001001110111100010011011
111111001010011011010000
000010111000000110101110
000100011110011011011000
111110011110100111111101
000011000111011111101110
000000111101111100000111
000000111100010101011011
000001100111100001100101
000100001110000011010111
000100001100110001100101
000010100111000100010100
001001000100010100110001
000011100000010111110110
111000001010100100110100
000001010011000010111101
000101011101100000010111
000010001000001111011011
111110010110111011010010
000000000010100100000000
111111111000111000000111
110110010111011001100101
000101100010101000010001
111100010000000000010111
111000011100010010000010
000000000101001110000010
001000100101011000101001
111101011011010100011000
111011011000100011101111
111010001110001101101111
110111010111110100111001
001011100101100101001100
111010011011010011000101
000010100000110100010011
000000001100010010110001
000101001010001001101000
000100010101000011110110
111111011010000100101001
000100001100001110000100
111110101001100111000111
110111011100111110010101
111000100010100101001001
111111010000100100000001
000100110110000010110100
000101010010111101000110
001001000110100000101110
001000000100001000100011
000110000000101000001001
111111110011000010011000
001001101110101100111111
111011010101001110101101
111001110101101111011010
111100101100000100110110
111000101111111110111100
000111010111011110000001
001011101101000011110000
111011100000100110111011
000011001000110001110100
000001110011011011001101
111110010111011011000100
110011010001101101110111
111000010110000111001110
000010111011010100001111
000001010000100000000110
001001000000110101111100
111100001001110111111011
111011000111010101101101
110110101000101110011000
000010100110100111111110
111000010111000111001101
000010010101000001111011
111111111100001000001110
110111010010010000011110
001010100101010000000011
111001001100011001000111
001000000100011100011101
111101010000000111001110
000101100000111010001110
000111110111011000001001
110111001110000111011111
001000110100100101111101
001100000100101101101111
000001100110100101101001
111101101110101001011111
000011011000011100100000
000111111000111001100000
111111101010101010101100
110111010011100011111101
000100001100011000100101
111110111011000111111111
001100011010111111000010
000001111001100110101111
111010011000111110000010
111111100111110001100101
001001111011100111010011
000000101100111100111001
000111111011100001011100
111001100001100101011111
000010111010110010010101
001110001111000000011011
111101010110010000010101
111111011101111110011010
000101001011100100010011
000001111110000010011001
000001100010100111100010
110100110001110100110100
111000010100010100111101
110101110111111000100010
000001101011111010101000
