0.051768 
-0.193361 
-0.056976 
-0.019529 
0.052981 
0.155671 
-0.307918 
-0.078908 
0.066766 
-0.104337 
-0.390938 
-0.150102 
-0.251611 
-0.075267 
-0.040178 
-0.309717 
-0.210044 
0.020326 
-0.215503 
0.209346 
-0.007862 
-0.045378 
-0.300377 
0.318659 
0.231955 
-0.070311 
0.025559 
0.178997 
0.109430 
-0.073665 
0.285197 
-0.182920 
0.138621 
-0.168006 
-0.185964 
0.379231 
-0.014993 
0.119085 
-0.276021 
-0.314760 
0.011888 
-0.140613 
0.221349 
0.122957 
-0.513143 
0.023108 
-0.198888 
0.128312 
0.188002 
0.212899 
0.104230 
0.098774 
0.159510 
-0.142640 
0.052789 
0.011988 
-0.018700 
-0.176030 
0.221520 
-0.070963 
0.064565 
0.073446 
0.006448 
0.089216 
-0.097837 
-0.087252 
-0.107451 
-0.145003 
0.029785 
-0.019721 
-0.065999 
-0.272313 
-0.053628 
-0.379338 
-0.178518 
0.002004 
-0.166440 
-0.283592 
-0.191353 
-0.093378 
0.006249 
0.152182 
0.381427 
0.050418 
-0.388791 
0.309291 
-0.059840 
0.050774 
-0.220883 
0.204863 
-0.077175 
0.317417 
-0.131632 
-0.261024 
-0.189078 
0.135143 
-0.060319 
0.170680 
0.039776 
-0.228856 
-0.244191 
0.270559 
0.131318 
0.215392 
-0.154256 
-0.154610 
0.377358 
-0.095463 
0.088836 
0.094905 
0.389398 
0.140372 
-0.153970 
0.244866 
0.008329 
0.029558 
0.216823 
-0.196907 
-0.137120 
0.138518 
-0.266462 
-0.146376 
0.261194 
-0.007385 
0.017631 
-0.201115 
0.100771 
-0.057710 
-0.410206 
0.017640 
-0.075374 
0.225667 
0.194753 
-0.124990 
0.059313 
-0.120825 
-0.119356 
-0.027866 
0.033432 
-0.192651 
0.118399 
0.095255 
-0.035605 
-0.291537 
-0.056702 
-0.301287 
0.049229 
-0.016466 
-0.350684 
-0.013481 
0.011969 
0.089645 
0.104015 
-0.002481 
0.201390 
-0.194209 
-0.261035 
0.266857 
-0.350787 
-0.130322 
0.164198 
-0.279764 
0.167479 
0.114825 
-0.212978 
0.272681 
-0.042882 
-0.151117 
-0.009620 
-0.111912 
0.218221 
-0.039161 
0.292388 
-0.070687 
-0.001157 
0.123500 
0.245003 
0.019022 
0.236234 
0.159217 
0.199765 
-0.257861 
-0.139027 
-0.030294 
0.132908 
-0.037810 
-0.050681 
0.122155 
-0.084360 
0.194744 
0.367537 
0.393601 
0.021037 
0.202621 
-0.022834 
-0.092568 
-0.044544 
0.173468 
-0.060901 
0.293375 
-0.041157 
-0.270223 
0.029549 
-0.165372 
-0.084066 
0.033723 
0.063102 
0.391685 
-0.073842 
0.004769 
-0.197491 
0.316675 
-0.372953 
-0.045928 
-0.055500 
0.235848 
-0.168182 
-0.094401 
-0.141758 
0.338617 
-0.284745 
-0.166774 
0.250714 
-0.097359 
-0.036428 
-0.132586 
0.131979 
0.107017 
0.305487 
-0.155463 
-0.017967 
0.250009 
-0.126065 
0.108006 
-0.113819 
-0.262630 
-0.241710 
0.115475 
-0.219236 
0.171293 
0.298081 
-0.159811 
-0.090657 
-0.286710 
0.082785 
0.127711 
-0.262329 
-0.095626 
0.104938 
-0.126219 
-0.075422 
0.016988 
0.255501 
-0.307976 
0.202963 
-0.324326 
-0.391135 
0.039166 
0.181828 
0.396534 
-0.030016 
0.015732 
-0.140607 
-0.090811 
-0.220162 
-0.196640 
-0.205023 
0.005258 
-0.000463 
0.247172 
0.174485 
0.005684 
0.163696 
-0.193229 
-0.076691 
0.012929 
-0.073195 
-0.061944 
0.076556 
0.224461 
-0.039870 
0.174772 
-0.156202 
0.074005 
-0.177885 
-0.252826 
-0.001002 
0.091976 
0.055924 
0.089372 
-0.156616 
-0.269703 
0.123394 
0.068584 
0.158412 
0.060600 
-0.163961 
0.245719 
0.083735 
-0.047781 
-0.098550 
-0.054596 
0.308551 
-0.262757 
-0.016829 
0.121998 
-0.154524 
0.071928 
0.221835 
0.185318 
0.147829 
0.023801 
-0.134889 
0.076258 
-0.011868 
-0.154776 
0.224320 
0.044022 
-0.245864 
0.236736 
0.091543 
-0.028524 
0.163886 
-0.221941 
-0.003139 
0.045763 
-0.079192 
-0.226973 
-0.129935 
0.126107 
-0.215896 
-0.105630 
0.498234 
0.181016 
-0.337636 
0.333695 
-0.392348 
-0.171029 
-0.128522 
-0.154053 
-0.229439 
0.251194 
0.166497 
-0.059683 
-0.153126 
0.243786 
0.012681 
-0.236296 
0.008543 
-0.195230 
0.103187 
-0.343885 
0.135377 
-0.041397 
0.003952 
0.276323 
-0.266717 
-0.018265 
-0.058282 
0.140473 
0.133399 
-0.193611 
0.141178 
-0.139208 
-0.501938 
-0.363911 
-0.075290 
-0.153425 
-0.028777 
0.270365 
0.066902 
0.092586 
-0.196930 
-0.166244 
0.013227 
-0.209946 
-0.031625 
-0.071819 
-0.283543 
-0.018279 
-0.144707 
-0.171051 
-0.243584 
-0.010186 
0.020934 
-0.153554 
-0.235466 
-0.033563 
0.034020 
0.102256 
-0.278287 
-0.253786 
-0.020220 
-0.097977 
0.125272 
0.061108 
0.004623 
-0.066640 
-0.256493 
-0.060285 
-0.129674 
-0.265029 
0.274490 
0.007829 
-0.050564 
-0.077421 
0.218846 
-0.020283 
0.340134 
0.046994 
0.151035 
0.093857 
0.277912 
-0.360589 
-0.227291 
0.081222 
0.027295 
-0.207703 
-0.100293 
-0.496464 
0.038967 
-0.123556 
0.137091 
0.121421 
-0.177621 
0.032205 
-0.404186 
0.272638 
0.146092 
0.067053 
0.122699 
0.260182 
0.178127 
0.418425 
-0.174480 
-0.154092 
-0.284855 
0.166262 
-0.029835 
0.220217 
0.163379 
-0.254864 
-0.232707 
-0.172786 
-0.081043 
-0.264526 
0.012307 
0.103328 
-0.090561 
0.092898 
0.087221 
0.335795 
0.164597 
0.030630 
0.003224 
-0.327648 
-0.190192 
-0.093913 
-0.045403 
0.261639 
-0.236033 
-0.155108 
0.223255 
0.004712 
0.242709 
0.101290 
0.176350 
0.194533 
-0.048975 
-0.166782 
-0.033513 
0.161415 
0.192039 
0.143137 
0.348474 
-0.156970 
0.103912 
-0.127153 
0.143847 
0.191407 
0.073501 
0.147413 
-0.065470 
-0.297851 
0.053099 
-0.058506 
-0.056581 
-0.147796 
-0.027754 
0.000700 
0.156875 
-0.082881 
0.258458 
0.036962 
-0.273629 
-0.366767 
0.110464 
0.368816 
-0.006469 
-0.068471 
0.078468 
-0.151667 
0.296655 
0.328835 
-0.151311 
-0.052538 
0.265390 
-0.099105 
-0.341654 
-0.167330 
0.002611 
-0.102070 
0.087815 
-0.467775 
0.142320 
0.106472 
-0.250566 
-0.007018 
-0.020244 
-0.042351 
0.039982 
0.353365 
0.033880 
-0.113802 
0.130645 
-0.317941 
-0.373962 
0.184191 
-0.263009 
-0.278195 
-0.118034 
0.084705 
-0.106209 
-0.216210 
0.066056 
-0.094080 
0.184174 
0.059281 
-0.194850 
0.147254 
0.372462 
0.056381 
0.207504 
0.055268 
-0.213642 
-0.293544 
0.021433 
-0.007508 
-0.017222 
0.355945 
0.133265 
0.104961 
0.007773 
-0.044267 
0.043462 
-0.521526 
-0.193820 
-0.050135 
0.054903 
0.371666 
-0.321673 
0.284050 
0.331498 
-0.221798 
-0.285376 
0.241107 
0.294628 
-0.063111 
0.073746 
0.053871 
-0.008810 
0.185085 
0.025709 
-0.153829 
-0.297102 
0.179053 
0.014287 
-0.117958 
-0.165259 
-0.161545 
0.006111 
-0.236980 
-0.234729 
0.231163 
-0.216498 
-0.125733 
0.125814 
0.221761 
0.042258 
0.196637 
0.235743 
-0.102972 
0.151700 
-0.195877 
-0.326035 
-0.311733 
0.131742 
0.166406 
0.270715 
-0.090778 
0.291806 
-0.098288 
0.090708 
-0.018799 
-0.171820 
0.011601 
0.080548 
-0.026718 
-0.011281 
0.256062 
0.132638 
0.212917 
0.056279 
-0.050642 
0.054607 
-0.263687 
-0.063002 
0.220707 
0.275298 
0.014949 
0.082524 
0.588977 
0.193146 
-0.115635 
0.098904 
-0.253958 
0.056364 
0.118952 
0.315638 
0.065255 
0.076524 
0.094966 
-0.229390 
-0.161578 
-0.409141 
0.168217 
0.183878 
-0.207399 
-0.012279 
-0.143986 
0.016998 
0.122413 
-0.210625 
0.298566 
0.018187 
-0.216298 
0.062506 
0.209513 
0.033482 
-0.304885 
-0.007646 
0.352070 
-0.412781 
-0.192198 
-0.175630 
-0.046372 
0.174478 
-0.049393 
-0.158800 
0.037122 
-0.028895 
0.051718 
0.032627 
0.208298 
-0.063827 
-0.020308 
0.139544 
-0.228606 
-0.169646 
-0.178509 
-0.048249 
-0.109303 
-0.016595 
0.048631 
-0.046506 
0.507103 
-0.105883 
-0.111880 
-0.330476 
0.144771 
-0.169533 
0.033082 
0.447519 
-0.175742 
-0.323282 
-0.320691 
-0.152377 
-0.147257 
-0.072403 
0.138537 
-0.140443 
0.318331 
-0.135666 
-0.393830 
0.392845 
-0.348822 
-0.234937 
0.051677 
0.084432 
-0.050114 
-0.152700 
-0.128858 
-0.066857 
0.094671 
-0.365792 
-0.008347 
0.150633 
-0.206473 
0.121816 
-0.293900 
-0.322174 
-0.139028 
-0.217631 
0.243326 
0.195537 
-0.099374 
-0.029063 
0.184381 
0.004092 
-0.103173 
0.122877 
0.016840 
0.399752 
0.088941 
0.370610 
0.135177 
-0.028572 
-0.329043 
-0.123772 
-0.140607 
0.210790 
0.415574 
0.175312 
0.016799 
0.180065 
-0.008868 
0.085681 
-0.141813 
-0.267748 
-0.180192 
-0.054706 
0.017816 
0.353816 
-0.270070 
-0.225507 
-0.220562 
-0.094017 
0.097683 
0.187509 
0.125728 
-0.067143 
-0.262582 
0.441906 
0.176138 
-0.273630 
-0.034165 
0.139510 
0.090229 
-0.114321 
-0.128053 
0.193644 
0.024354 
0.040728 
0.086180 
0.298446 
0.147265 
-0.050291 
0.131164 
0.237406 
-0.019849 
-0.121158 
-0.167244 
-0.208225 
-0.127389 
0.100259 
-0.223577 
-0.065048 
0.068551 
0.052198 
-0.037720 
-0.288026 
-0.012983 
0.123072 
0.140878 
0.271620 
0.181520 
0.069690 
-0.078631 
-0.086188 
-0.112786 
-0.034341 
-0.155042 
-0.173082 
0.240509 
-0.226623 
0.193082 
0.020737 
-0.088856 
0.178570 
0.000282 
0.138926 
-0.217526 
-0.178416 
-0.315058 
0.562911 
-0.046376 
0.248600 
0.122544 
-0.046819 
-0.129327 
0.082007 
0.206533 
0.265627 
0.117372 
0.372410 
-0.149994 
0.474246 
0.057278 
-0.181588 
0.024922 
0.323167 
-0.009521 
-0.094784 
0.348416 
0.201351 
-0.074389 
-0.023006 
0.149542 
-0.235679 
-0.107483 
0.048457 
0.018132 
-0.234823 
0.154489 
-0.151455 
-0.257086 
-0.030705 
0.186628 
0.199433 
0.103502 
-0.245209 
-0.161022 
-0.168935 
-0.059490 
0.150918 
0.082945 
0.181002 
0.085647 
-0.123225 
-0.030780 
0.093683 
-0.001470 
0.030354 
-0.110617 
-0.522241 
-0.146990 
-0.023236 
-0.199399 
-0.166619 
-0.207401 
-0.002826 
0.216469 
0.433667 
0.018834 
0.058495 
0.007770 
-0.252913 
-0.192764 
-0.090422 
0.002874 
-0.148255 
0.037712 
0.086584 
0.157842 
-0.077377 
0.168762 
-0.250358 
0.078565 
-0.033845 
0.086726 
0.024084 
0.110041 
0.301427 
-0.052058 
0.188364 
0.001659 
0.254949 
0.071825 
0.095662 
0.088823 
-0.113389 
-0.299526 
-0.226108 
0.024651 
0.155048 
0.138800 
-0.110663 
0.193658 
-0.121371 
0.047175 
-0.048150 
-0.037501 
-0.139213 
0.156861 
-0.010024 
0.221257 
0.035107 
-0.206453 
-0.023037 
-0.479544 
0.257807 
-0.181215 
-0.199453 
-0.243124 
0.130297 
-0.254682 
-0.202798 
-0.351302 
-0.022625 
0.151678 
-0.084983 
-0.011935 
-0.148703 
0.103245 
0.301186 
0.224759 
0.109019 
0.121681 
0.119615 
-0.051469 
-0.098977 
0.258364 
-0.380896 
0.186150 
-0.153625 
0.170851 
-0.404432 
-0.375299 
0.157767 
0.146062 
-0.139324 
-0.007665 
-0.232003 
0.008827 
-0.093037 
-0.289595 
0.041866 
-0.014144 
-0.191180 
0.108030 
0.249251 
0.073705 
-0.057388 
-0.220627 
0.314259 
0.285853 
-0.382556 
0.179354 
0.079494 
-0.213378 
-0.158125 
0.056630 
0.147845 
0.193813 
-0.413834 
-0.081102 
0.144813 
-0.140458 
0.004578 
-0.235255 
-0.231626 
0.230013 
-0.100603 
0.208968 
-0.216929 
-0.222672 
0.198651 
-0.039596 
0.047831 
0.058165 
-0.256605 
0.240360 
0.100832 
0.034129 
0.349177 
-0.077560 
0.048707 
-0.108909 
-0.086690 
0.224839 
0.027988 
0.041084 
0.115478 
-0.018129 
-0.162715 
0.119386 
-0.125876 
0.324750 
0.076108 
-0.276030 
