-0.792941 
-0.358622 
0.459823 
-0.268224 
0.020375 
-0.482323 
0.154161 
-0.064891 
0.462155 
-0.790146 
0.959437 
-0.169232 
0.589684 
-0.138278 
0.621283 
-0.030587 
0.077959 
-0.978105 
0.210500 
-0.540648 
0.380148 
0.034001 
-0.607304 
0.678015 
-0.805065 
-0.458176 
-0.109008 
0.147701 
-0.785315 
-0.779096 
-0.968048 
-0.149174 
-0.399032 
-0.456034 
0.311470 
0.532203 
0.821088 
-0.041977 
0.748016 
-0.833853 
0.348266 
0.479755 
-0.230031 
0.317851 
-0.961105 
0.196579 
-0.331137 
-0.771893 
0.335938 
0.086110 
-0.645218 
-0.208144 
-0.015672 
-0.124233 
0.270734 
-0.694536 
0.858617 
0.740331 
-0.468822 
0.018103 
-0.019109 
-0.916932 
-0.190684 
-0.243066 
-0.666225 
0.699003 
0.305549 
0.037537 
0.441984 
-0.837513 
0.855372 
-0.931959 
-0.546997 
-0.000310 
-0.715434 
-0.495690 
0.816302 
0.075404 
0.717001 
0.046505 
0.699119 
-0.523191 
-0.768356 
0.294334 
-0.784869 
-0.428915 
-0.803172 
-0.427419 
0.824789 
0.027666 
-0.470337 
-0.315080 
-0.017169 
0.583705 
-0.486401 
0.237322 
0.992039 
-0.972945 
-0.082475 
0.041784 
0.754631 
-0.697476 
-0.629639 
0.859711 
0.568320 
-0.680750 
0.873465 
-0.869219 
-0.238966 
0.384075 
-0.944251 
0.774708 
0.833128 
-0.123013 
-0.543610 
0.218295 
0.850716 
0.271217 
-0.890366 
0.984358 
-0.408768 
-0.519818 
-0.228262 
-0.477775 
-0.550607 
-0.263713 
-0.651387 
0.536243 
0.167383 
-0.370151 
0.808627 
0.796118 
-0.130426 
-0.858731 
0.289947 
0.676646 
0.807465 
0.240243 
-0.150008 
-0.988207 
0.940174 
0.061435 
-0.318501 
0.183764 
0.782577 
-0.093068 
0.388439 
0.829753 
-0.777151 
-0.553132 
-0.023628 
0.596560 
-0.117848 
-0.660845 
0.766202 
-0.942508 
-0.282393 
0.728458 
0.470422 
0.312005 
-0.007772 
-0.803113 
-0.474181 
-0.071769 
0.023748 
0.192965 
-0.058766 
-0.172646 
0.026370 
-0.686401 
-0.515277 
-0.608677 
0.399969 
0.095060 
-0.797218 
-0.304956 
0.767640 
-0.768727 
0.739424 
0.429978 
-0.664618 
0.765642 
-0.845487 
0.406149 
0.339017 
0.376176 
0.977119 
-0.879333 
0.243236 
-0.026471 
-0.390549 
-0.707991 
0.911011 
0.920976 
0.747670 
0.500172 
-0.240220 
0.235720 
0.420802 
-0.883423 
0.130096 
0.090099 
0.947860 
-0.763429 
0.269107 
-0.705101 
-0.571295 
-0.931005 
0.548203 
-0.484666 
0.571399 
0.219414 
-0.940839 
0.819454 
-0.251974 
-0.172066 
0.849147 
-0.087196 
0.935444 
-0.605013 
0.570767 
0.676543 
0.543464 
-0.227019 
0.896627 
0.080744 
0.094069 
-0.406348 
0.498227 
-0.763522 
-0.669332 
0.982902 
-0.865321 
0.516793 
-0.134719 
-0.716989 
-0.899862 
0.931665 
-0.543285 
-0.225814 
-0.704003 
0.162459 
-0.134404 
-0.793920 
-0.989727 
-0.211265 
0.761996 
-0.414087 
0.374996 
0.476344 
0.807168 
0.441734 
0.287743 
0.354753 
0.463847 
0.797271 
0.867533 
-0.117843 
-0.297748 
0.861735 
0.907937 
-0.862720 
-0.316473 
-0.972473 
-0.207782 
0.210166 
-0.707791 
-0.187563 
-0.848944 
0.231445 
-0.335125 
-0.829743 
0.502307 
0.493474 
-0.537123 
-0.370776 
-0.676304 
-0.915384 
0.107585 
0.343267 
0.975105 
0.797374 
-0.702903 
-0.823134 
-0.294798 
0.701318 
0.406520 
-0.673811 
-0.604223 
0.875091 
-0.475232 
-0.918488 
0.297647 
-0.226568 
0.409088 
-0.861564 
0.862067 
-0.490130 
0.344996 
-0.495161 
0.888900 
-0.347322 
0.873518 
-0.477057 
0.684546 
0.301245 
0.269073 
-0.403686 
0.306455 
0.958444 
0.402602 
-0.292211 
0.480561 
-0.409796 
-0.059717 
0.516943 
0.081429 
0.616146 
-0.698440 
-0.598382 
0.528644 
-0.405562 
-0.005327 
0.260256 
-0.151524 
-0.612779 
-0.863364 
-0.782725 
-0.123138 
-0.222504 
-0.496242 
0.283990 
0.294732 
0.244305 
-0.939521 
-0.502409 
0.426205 
0.466959 
0.776872 
0.077835 
-0.616855 
0.544984 
0.236711 
0.876992 
-0.016217 
-0.291405 
0.628481 
-0.357531 
0.952359 
-0.243327 
-0.814510 
-0.957927 
0.058493 
-0.806204 
0.829666 
0.447134 
-0.083969 
-0.458226 
0.662726 
-0.885215 
0.110660 
0.189579 
-0.385994 
-0.268074 
0.987421 
0.234351 
0.633410 
0.201720 
-0.891549 
-0.880998 
-0.131388 
0.374287 
0.346678 
-0.281574 
-0.017357 
-0.653915 
-0.776126 
0.148650 
-0.256947 
-0.285107 
-0.809196 
0.969955 
-0.153668 
0.531136 
0.490557 
0.732306 
0.618782 
0.043232 
-0.487660 
0.766103 
0.695813 
-0.958443 
-0.879924 
0.378563 
-0.478580 
-0.958143 
0.183465 
-0.920805 
-0.794630 
-0.277626 
-0.984133 
-0.070662 
-0.766489 
0.437066 
0.335129 
0.118406 
0.134458 
-0.066741 
-0.258437 
-0.929906 
0.729690 
0.921392 
0.819940 
0.510354 
-0.428379 
-0.340216 
-0.058344 
0.138443 
0.205470 
-0.523892 
0.152798 
-0.263236 
-0.456768 
0.971005 
0.295841 
-0.217950 
-0.768260 
-0.383252 
-0.917198 
-0.239518 
0.447402 
0.553913 
-0.799039 
0.839836 
0.374306 
-0.771044 
0.517681 
0.493809 
0.635438 
0.199735 
0.135741 
0.649398 
0.931644 
-0.904097 
-0.676271 
0.661207 
-0.979092 
0.315257 
0.706140 
-0.260975 
0.443475 
-0.225842 
0.861976 
-0.055771 
0.048982 
-0.929044 
-0.556556 
0.616328 
-0.778612 
-0.118678 
0.353017 
-0.079227 
-0.959158 
0.380924 
-0.545595 
-0.564608 
-0.839808 
0.081084 
0.188266 
-0.851202 
-0.635590 
-0.174785 
-0.664452 
0.764801 
0.820930 
-0.138661 
-0.738491 
0.013868 
0.591640 
0.198612 
0.360788 
-0.066378 
0.424063 
-0.421605 
-0.942950 
-0.002308 
-0.609384 
0.927647 
0.526194 
0.225587 
-0.227404 
0.822796 
0.071702 
0.499190 
-0.184258 
-0.317733 
0.493796 
0.610094 
-0.212013 
0.550182 
0.015503 
-0.211486 
-0.234371 
0.766859 
0.460782 
0.532498 
-0.021863 
-0.184410 
0.748411 
-0.504746 
-0.966060 
-0.805108 
0.616810 
0.963164 
-0.009088 
-0.140998 
0.392201 
-0.562999 
-0.847480 
-0.078626 
-0.231638 
-0.518056 
0.520886 
0.930105 
-0.810150 
0.559614 
-0.622724 
-0.981027 
-0.179845 
-0.717348 
0.065519 
0.115519 
0.386879 
0.752737 
-0.960731 
0.373188 
0.972861 
0.971523 
-0.087838 
-0.303979 
0.965828 
-0.028260 
-0.369811 
-0.237230 
-0.963979 
0.007264 
-0.746016 
-0.389651 
-0.487883 
-0.995416 
0.545426 
0.323598 
-0.204067 
0.002102 
0.225102 
-0.733855 
-0.433292 
0.674801 
0.731862 
-0.890482 
-0.013631 
0.660297 
0.836970 
0.602466 
0.957562 
0.142956 
-0.872487 
-0.827132 
0.953598 
-0.102576 
0.788340 
0.822378 
0.922829 
0.556121 
0.896202 
0.358156 
0.428319 
-0.724807 
-0.834450 
-0.775548 
-0.261569 
0.930831 
-0.275221 
0.860787 
-0.808035 
-0.756139 
-0.022776 
0.845017 
-0.730327 
-0.711238 
-0.333370 
-0.090016 
-0.983216 
-0.183321 
-0.638239 
0.746705 
0.097758 
0.722634 
-0.893756 
0.022078 
-0.708408 
-0.122686 
-0.089479 
-0.363727 
0.851032 
0.443030 
0.273124 
0.891602 
0.460656 
0.043854 
0.294485 
0.472013 
0.742018 
0.734192 
-0.542271 
-0.397904 
-0.180190 
-0.615342 
-0.610899 
-0.700714 
0.710406 
0.861358 
0.559136 
-0.683410 
0.458331 
-0.612990 
-0.083631 
0.710814 
-0.736485 
0.227736 
0.276823 
0.504057 
-0.486655 
0.097314 
0.876077 
0.900135 
0.211031 
0.621136 
-0.369790 
-0.455732 
-0.142512 
0.494524 
-0.070035 
0.967480 
0.697312 
-0.356276 
-0.642806 
0.710450 
0.720761 
-0.789990 
0.521052 
-0.721775 
0.214134 
0.585423 
-0.576417 
-0.935898 
0.606877 
-0.921386 
0.481999 
-0.321364 
-0.167818 
-0.612408 
0.894114 
-0.728888 
-0.061252 
0.702677 
-0.506353 
-0.137209 
0.988414 
0.855302 
-0.913956 
0.095432 
-0.997012 
0.449523 
0.237538 
-0.255334 
-0.411682 
-0.889718 
0.401379 
0.785934 
0.452050 
0.171043 
0.904416 
-0.278504 
-0.817495 
-0.026166 
-0.668832 
-0.485351 
-0.996512 
0.526502 
0.527592 
-0.968648 
-0.752503 
-0.839117 
-0.843853 
0.182490 
-0.007744 
-0.014122 
0.296398 
0.681486 
-0.965700 
0.688118 
0.543793 
-0.421785 
0.401267 
0.826085 
0.889794 
-0.464053 
-0.691279 
-0.258807 
-0.554372 
-0.947477 
-0.637841 
-0.512302 
0.994237 
0.309868 
-0.764332 
0.649534 
0.462845 
0.428759 
0.114436 
-0.237863 
-0.305290 
-0.829242 
-0.575664 
-0.822857 
0.519069 
-0.860757 
0.171554 
-0.434416 
0.043318 
0.948540 
0.368429 
-0.197038 
-0.790456 
-0.170227 
0.095399 
-0.537298 
-0.987941 
0.082272 
0.759794 
-0.243159 
0.652992 
-0.694528 
0.200569 
0.676719 
-0.355407 
-0.188086 
-0.170910 
0.156186 
-0.742737 
-0.791658 
-0.712809 
-0.120489 
-0.056308 
0.373388 
-0.281329 
-0.381051 
-0.917687 
0.895039 
-0.850767 
0.899407 
-0.535080 
-0.829059 
0.457008 
0.507998 
0.790343 
0.205862 
-0.036601 
-0.358503 
-0.073528 
-0.085067 
0.179244 
0.469074 
0.998636 
0.655798 
-0.440929 
0.663551 
0.056414 
-0.985111 
0.514011 
0.701205 
-0.549824 
-0.100396 
0.774924 
-0.814917 
-0.007251 
-0.542716 
-0.778527 
-0.099511 
-0.936261 
-0.532612 
-0.017178 
-0.311584 
0.181497 
-0.535527 
0.780162 
0.134968 
0.660688 
-0.664287 
-0.372029 
0.153141 
-0.756660 
0.336671 
-0.638895 
-0.644094 
0.620415 
-0.885045 
0.166513 
0.408361 
0.808198 
-0.421035 
0.719819 
-0.180122 
0.995977 
0.232736 
0.920286 
-0.922426 
-0.639423 
-0.777858 
-0.627473 
0.755012 
0.230341 
0.515495 
0.089839 
-0.606822 
0.521281 
-0.655491 
0.723119 
0.663045 
0.498105 
0.442425 
0.046109 
0.824425 
-0.438215 
-0.778525 
-0.291135 
-0.764380 
0.211861 
-0.280231 
0.150258 
0.238734 
0.441719 
0.114457 
-0.100973 
-0.308949 
-0.879498 
-0.111913 
-0.558238 
0.449519 
0.485759 
-0.478055 
-0.992142 
0.571394 
0.974022 
0.217000 
-0.281155 
0.928651 
0.746445 
-0.129730 
-0.693447 
0.302731 
-0.678984 
-0.360934 
-0.702322 
-0.677649 
-0.495806 
-0.034965 
-0.143823 
0.789929 
-0.424863 
-0.399802 
0.129625 
0.534979 
0.812857 
-0.267861 
-0.388155 
0.207650 
-0.021569 
-0.511135 
0.744820 
0.062654 
0.463304 
-0.190328 
0.444013 
0.407623 
-0.405266 
-0.838840 
0.238306 
-0.063265 
0.905679 
-0.329528 
0.387181 
-0.070399 
-0.493178 
-0.045744 
0.223725 
-0.102470 
-0.827761 
0.945724 
-0.602671 
-0.820601 
0.086063 
-0.675222 
-0.990452 
0.091870 
0.261317 
-0.213779 
0.134966 
-0.833489 
0.001838 
-0.827851 
-0.496012 
-0.653943 
-0.934604 
0.752982 
-0.884501 
-0.064822 
0.214697 
-0.284556 
-0.107437 
0.592453 
0.627530 
-0.394029 
-0.506292 
-0.221329 
-0.671390 
0.502405 
-0.878876 
-0.817326 
0.879824 
0.167338 
0.715957 
-0.239404 
-0.279265 
-0.415843 
-0.828750 
0.291187 
0.866392 
0.088799 
0.339948 
0.850223 
0.149331 
0.825595 
0.855089 
-0.424570 
0.881389 
0.629135 
0.050401 
0.639168 
0.393246 
0.748996 
0.135420 
0.356851 
-0.942367 
0.518846 
-0.649160 
0.119759 
0.064349 
-0.391979 
0.400140 
0.904139 
0.089560 
-0.481826 
-0.957825 
0.514845 
-0.984265 
-0.469013 
0.100106 
-0.722927 
-0.107905 
-0.716311 
0.751270 
0.100232 
0.169100 
0.061598 
0.719192 
0.014359 
0.472541 
0.714974 
-0.771441 
-0.133484 
-0.430457 
0.737139 
-0.866090 
0.222808 
-0.311333 
-0.460650 
0.140261 
-0.735636 
-0.730054 
0.870063 
-0.328729 
-0.604762 
-0.856851 
0.823561 
0.913883 
-0.281359 
-0.807819 
0.787073 
