100110101000000011101001
110100100001100010101010
001110101101101101111111
110111011010101011011001
000000101001101110100011
110000100100001100111100
000100111011101110001111
111101111011000110100101
001110110010011111100100
100110101101110001111110
011110101100111011010010
111010100101011010011001
010010110111101011000101
111011100100110011101011
010011111000011000110111
111111000001010110110110
000010011111101010001100
100000101100110101111000
000110101111000110101101
101110101100110000001110
001100001010100010101111
000001000101101000100111
101100100100001111011001
010101101100100100110110
100110001111001110100000
110001010101101001111111
111100100000110000000101
000100101110011111011010
100110110111101011001101
100111000100011010011001
100001000001011011111101
111011001110011111011110
110011001110110010001001
110001011010000010110001
001001111101111001000000
010001000001111100111010
011010010001100101101011
111110101010000010000001
010111111011111011111011
100101010100010001001101
001011001001001111111000
001111010110100010100000
111000101000111001011001
001010001010111101010100
100001001111101010000100
000110010010100110000010
110101011001110101001101
100111010011001010011010
001010110000000000000010
000010110000010110100111
101011010110100101111011
111001010101101110000110
111111011111111001111001
111100000001100100100101
001000101010011101100110
101001110001100101110000
011011011110011100101010
010111101100001100101011
110000111111110110100110
000000100101000100110100
111111011000110111010101
100010101010000111111101
111001111001011110101000
111000001110001100110100
101010101011100100100110
010110010111100011110010
001001110001110000111001
000001001100110111111111
001110001001001011101011
100101001100110001100000
011011010111110011010011
100010001011010110010010
101110011111110000000100
111111111111010111010110
101001000110110010101001
110000001000110100111111
011010000111110010010010
000010011010011011011010
010110111100011010110100
000001011111001111100011
010110010111110010111000
101111010000100000010101
100111011010011010000011
001001011010110010111011
100110111000100101101011
110010010001100101010010
100110010011000110101010
110010010100101001010011
011010011001001010110010
000000111000101010001100
110000111100110000000011
110101111010101101110111
111111011100110101100111
010010101011011011011000
110000011011110110100000
000111100110000010010101
011111101111101100100000
100000110111011010001000
111101010111000101111001
000001010101100100101011
011000001001011111000001
101001101011100100011100
101011110110011111111010
011011100000101100000100
010010001011111010110010
101010001101110100101110
011011111100110110110000
100100001011110101101111
111000010110100110001100
001100010010100101011110
100001110010001011000111
011000110010100110100101
011010101010001111110000
111100000100000100011110
101110100110101011111010
000110111111000100010111
011011001110010001000111
001000101011011100111001
100011100000100001111110
011111011111111101110001
110010111010110110000001
101111010111011010011011
111000101100100001001101
110000101101100001000110
101110011000010110110111
110111100011111010100111
101011001001111101011010
010001001010001110011011
000101010110110011001111
110100001001111011100001
011001111000000100010101
011001011110011100110001
111011110100111000110001
100100100001010100011001
001001010001110011111101
010101101001110001010110
011001110101101100000000
000111101100000001000111
111011001100110010001101
100000011000001001110000
011110000101011110011111
000001111101110100011000
110101110011101101011010
000101111000010110010010
011001000010101101111001
111101000001011001011001
001100011011100001100010
011010100011010101011100
100111001000011001010101
101110010011001011110101
111111001111100111000010
010011000101110000010010
111100001110101001011011
101010110110100101101101
011000100001001011101011
100001110101101111100101
110110111101101010001001
010111010011111000011010
001111000011011011001011
001001111110111111001000
111111110000000101010110
100110010011001110011000
110000110100111000001000
111101101101000001000111
000000110000101000101111
000110001011001100010100
111110000111101001011111
111010011110011010111101
000000110110000000011000
101010000010010000000000
101111100000101101100100
101100100001011011100011
001100110011001000110010
000011000010101011110001
100110011111010011000010
110110001111011100110101
011000100100001000000100
100111011001101001011011
010111101010010101110110
001101110000100110000001
101010101110110111001101
011000100000000010001101
100100111100011100011001
001100111111110010101110
001010110110010011101011
001100000010011010001100
011111010001001001000000
100011110111001000001000
000111110010001001011111
111111001001110010011101
110011100000001010000001
101001010110000010010001
011101001001110000000100
011101011110001010000111
010111111011001110101001
010000000000010110100100
111000010100000001111011
000111100010110000010010
001101011101110011011010
100011101110110000000000
000100001010011011111011
000010111000100001011111
011110010101001101110111
100111100100011111111000
001000100111001000010110
101001011011111100111110
101101101101111111010000
100010001101010011011000
010001100010101110000001
110000011111011001110101
010010010010001110011001
000111000001010111000101
100001111001001010011010
011010001110001111100001
110111111011111101010010
111010011111100110111101
011011001011000011011001
111101001101011011000001
011101111011110010100000
101100101000111011101101
010010010000111011100100
010101101001100011110011
010001011001000000111100
111000101111000100001110
011100101100010010101101
000010100101010111010100
000011000000101001110011
110010111111110011001000
001111111100010111100110
100111100100010011101101
101010100101001101010101
011111011100111110111100
100100010011110100101100
010000100010011001001010
111011101100000110001000
101001000011100110110011
100011001101000101010000
011101110100000011001011
101110100111010110100111
111000110001100010001000
101001011110001100111001
000101001100101101110110
111011101100101111011001
100110100110000011010001
100000010101000010100011
111001001111010101000110
011000011000100100010100
110010101111111100110101
001011111111111111100001
001111001111100011010101
011001110101000101001100
001110001000101010111110
001001001101010011000001
001011010110100010001101
001110110101111101010011
011001100000110011111011
011011110000101101010010
111100001110101010001000
110110011110001101100011
011011100100110101010010
011101000011011101001010
100100011001001001100110
110101110111110111010010
100000111000011000000010
111001010110011101100110
000110101110011010110101
101001010110011100011101
111001111111110111101110
100100110101010111001010
000111011001111111111100
110101010001101010011100
100101011100101011111111
010000000100101110010111
001111110010101000100100
101110110011111110001011
110100001000101001100110
101010010110111011100011
100010101101010010110101
000011011100010101011010
001010111111000000101001
011111001101000001000001
011001100001000001011011
101001100000011101000111
100101101010001110001110
110110100100010000010011
010110011100010011000110
001101000000100011011001
101010011100000010010010
101100101010100011010000
011100000000001011111111
110000110010101110011011
100010100110111011111010
001001100001100101001011
111000101111111111010011
001101000101110011111101
100100011011100001000011
011011100101100000110101
110000010100001101101110
001011000010100011010011
110000001001111010010011
011100011100011101111011
110100111000101011110000
011011111100111101110100
110000101110111111001111
010101111001111100111000
001001101000111100110001
001000100111000011111111
110011000101010000000001
001001110011100111101000
011110101010111001000111
001100111000100001110100
110110101001100011010100
001111011000001100000010
110010111000101111001011
111110000101101100110001
010000100010101100101101
000010100110110001000010
010011101101110111100001
101001101001100110000100
101100110110100000111100
010000111010101010011001
110011000001011010001011
111111110101000101110000
001000010101000000001110
111011001001101011011001
101100011001000001111000
100100010111110101001100
100110111100111110101100
111100000011110100000111
111000111000010011111001
110000000111101100100011
001001000101100111000111
001001011011100111000101
000111110100010101100011
100001111011110111000011
101111111011000100001111
001101101000110111011111
001110111100010101010011
011000110111000010001000
000010011111011010000001
101100010000101011100011
010001011100001000001010
000111100100110010001100
011100000100000101000110
111111011110110010010110
110110101011001100111010
010100000111001000001111
110100100011110001101011
011110011110011011100011
111000001101101010101010
100101111011111000100011
100001010110001010101000
000001110111110010110111
100110001100111001001101
011010100011001001111011
001110010011101110110000
111101010100000001111110
110001010101100011011101
010101001101010000110011
100011101011000101000011
000011100010101000011000
000110000100010000011111
110011101001011110111100
110111011010111111000001
011111100110001111001101
000111011111111100111001
010100010001001110010110
000110011101000111110010
100011011110000110111101
100011110011101101110101
111011110010111010110000
001011111110100010011111
001011000101111111110001
110110111111010101100000
111111011100011101000010
101011000100110010000011
100111001010011111100110
000100110000011011110100
110111110001110001011100
110110111000000110011001
100110000110110001001000
011111000010011101111111
111011000101010010011110
010000111111110001000101
001111101100101010010011
010111011011110000110011
010011110011010001000001
000001011000100010100100
110000011001010001011100
011000100000111110101001
010110010001000001100101
100001010101000110111011
100011110101111010100011
001100000111010011000010
110000101011110111100011
100001010101101110010001
000101110111101111001011
100010100010001100001110
100110100100100110010000
110111000111011011000000
100000100000011111101011
111101101111010010010000
100111011110001110110001
001101111111000111001011
001010101110010110000100
000011110010011111101101
000100010011010111101101
111101110111010100000100
110111101110101110001010
100010001111100011010111
010111010110011001111011
011101011111000000101100
011010001111001111001111
010000010101001101000100
110010010010101011011110
110101000111001111001010
111110001000100000110011
000100011011100010000011
000110100100110011010100
101111001111000100011001
000100111000111011100011
110111100100111001001001
110001011000100010011110
011111000100100111100101
001001011101111000011010
111001000001101000111011
100111011010100110101011
110011101111000110011011
100010101001100101000011
111000010101011101111000
001110010100010001111000
010001101110011010100011
100110011011100100011001
011010110111111111000000
001011111110100101000001
100111010100111001101110
010000100100001101011111
001111110011010100100011
010100010101011000001000
000110011001000011101000
000100010101111111110101
010100110001111101110110
011101110100000000011010
100011000100011010001111
101010010110111111110011
010101001010001001101011
100000101010110100011101
001010000101101001010100
010110100110001011001111
110111101001100001011110
001110001100001111001001
111000110001011110011001
011011100101010100111100
111110001101110010000000
000001100100010100001011
100010010001010100010011
101110001100001011000100
010011101110001111010110
100111000101011001101101
111100001100111100101000
001011010010111110101100
111101011101101111100010
100001010011101001010010
001100001100001000011011
101110100010100111110010
101101111011101011110000
100101001000000100101010
000010100110000011111001
000110000001100100011011
100100110000101111001110
101011101010010100000000
111010011010000010100110
101010101111001100111110
011000011110010011111110
011010010001010000111001
111011100100000001011001
101000010111100100011101
000000011100011001101011
010010111011101011011010
000110010110110000100010
001011100010111001001001
111101111000000011110001
001101100100011110110110
110010100000100011011011
100001110100110101101100
111111111011010001011011
101100011111111110110001
011101101011110100100101
010000110101101001010101
000111001110000000001101
111000101110010001110000
011010010101000101100000
000010010010110110000101
001111111110010101110101
111010000110101000111111
110101110101010010000100
001111110011010010110111
010011100001011110010010
111001001101110011000100
010001100110110001011011
000000011111101111111110
111001001110111000001011
111000100000000000100000
011000100010100001110000
001110101111101011100111
010001000010100011100010
111111010011001110010110
111010000110010100111101
010111111100101111110001
101111110110010001111101
100001000101100000100110
100110001111001000110111
010011101111001110100000
011110110100100011110010
111111101101011000111000
111011011111001111001010
001100100011001110100001
101101111110111110100101
100100111000010111000100
111101011110111110011001
111000100101100110110010
101111011011000001010101
010000101010110001100101
011101110000110110110010
100110000100110100000010
010001111010000101110001
101100000100101010010111
100000100110110110110111
111010001111101011010101
101001000010110111110001
000010000110001011101010
000011101100100101010111
001100011000010101000100
011000000101100110110010
100001010000011011000110
001011111100010010100010
011111001000011010110010
011111000101101011011101
111101001100000110111101
110110010001011100111000
011110111010000000111111
111111000110000111111011
110100001010101000000101
111000011010001001110000
100001001001110001010110
000000001110111000000011
101000001000001010001100
110011100001111111101100
110000011000110100001101
100000001001011000110010
010001011101000010000001
001010010110101110100111
111001011110000100011111
000000000100010011100100
000111001101000000100110
101000100001000100001001
110010001000100111100001
010101100101111111011110
010111011010110110101011
100011100000010010101100
111111100100000101011000
010101001000010010011011
011010110010000111010111
010011010001110110011000
011110101001000101100100
000100100100110001100011
100100000101001001011000
100101100010000010001000
011110100000111101111101
111100101101111011001011
011001001110100001010101
011010010100001110101101
011101100001111101000001
010001110010111011111001
011100101011011010111111
001011011101100000001011
001101101101001100101010
101000110011100110000100
100101010011000011000000
100111001011101011010110
110111101000010011100111
011101110010010101110111
110111001100010110010010
011011100010111001001000
100110001001001001010011
100111110011011011010111
111111010001010110101111
011011000010100110000010
101000101000010010100111
101001001111011000101001
110101010101010000011111
111101000111101001011100
100000100010010111111001
111010001000100011110001
101011100100111000110000
010111111001010000000110
000011001000001101011001
010111000111111101000110
100011011001100101101001
000000101101001101110000
101001010101001011100010
111100000100101111010101
111101001000101111110100
110100010111000101100111
011011001110111010011110
001110001011010100110100
001000101111010110111010
011100100010000000000100
001110101111011011000100
000001011001110100000001
001001011011000110101101
001111000110101011101100
010111101111101001110100
010111011111101000000000
101110101001011011011011
110011010001000101111001
111010001110111110001011
101100010011110001110101
101100011100111000010000
101001100100111100000010
010110101110111010011000
011011100100000011111001
010001111001000111000011
101010001000011000000101
001110101010101010011010
101100011000100110000111
111101010100101110010010
010110101111101111110000
101000011011101011011000
000111010010011001111000
001000110110111011101110
010000001000010011110011
110000011011010101001101
000011000111010011000111
011100000010001101001100
011100110011011110011101
000110110000001100001110
010011111000000101100101
110100001010101010110110
110001011010101010010100
111011011100001000101101
001111110100110010001110
111101110000100100011011
011110111101011001100101
010110010100000110001000
110100100110010110001100
101011011011100010000101
010110101111000000000011
010111000100000111101000
100110101110000110011011
010000101011000111011001
101000111001110011100000
000110110110100010111011
010010101110111100100000
101101100011011111111011
100010000011010001111110
010011011010111000100010
100010100001000000000110
001111011011001000101000
110101101101110110001001
111010101000010011101110
101100011001110010011011
011100100111001001010100
101000101011001111001011
111110000010100011101001
010110011111000101010110
101111110010111111010001
111011100110111111110010
011111101000010001011001
011011010111101010001001
100010110000001101111101
000011000011011100011110
100000000110000111101011
001110011000100111110110
000111100110011110100110
110111110101000100111000
110010110100111000000010
100011100001110110111010
001100110110000001100100
011001001001100101111111
001110011101110011000100
000101011110010010111010
011100111100001111101001
110111000101100111111001
100101110101110001010000
111111001010011010010101
101010100110001110111001
110000011110000000000101
100000000111001001001110
010000110110010001100111
010000111000100000100100
100001000000001101011001
100111111010110111111111
100101001001011111010010
100100111111110010100001
000101110101101111010110
111111110000001000111110
111111100011000100111111
001001011111000001011101
010101110011101011110001
100001000110001111101111
010110000001010001000011
010001011001101100000010
110010100000001011110010
001100110101110010111010
011010011011110100101000
011100011110010011000110
110001001001100111101001
101001111000010000101101
110111101101111101100111
101110010000101001010100
100001101011100100010100
101011100101101100111110
101111100110110011100010
011111110100001100101000
001001111010100111000101
100111100010101001011011
010100110010001111110001
001110110011111010000011
001101101110000110010111
000011101010010111010110
111000011000110110110001
110110001110110001000100
100101011101101101100011
101101100101000010100100
100101101010110010100001
010000100111000011011011
100100011101001010111010
000101011111010101111100
110010000110010100001011
000001011000101101110000
011110010110100111000100
001011110010100010110001
111001101100011101110111
100110101101001001010011
111010100011010111111111
000011000011011000000110
101110110011100111001110
100000011000101100101000
000010101000011111100010
011000010100000011110010
111000001110000000101100
010100111001010100111010
101001110001100110111000
000110011010110000111110
010101101001111010111101
110100101000001000001000
111001111110110011001010
111010100001111110100001
000100111111110111100110
101000001110110111111100
100110101010101011110101
101001001100001010101111
111100001001001111001110
111110001100101011100101
001011111100101100101111
110110111111110101101010
110011110011100110110111
100010101000100100111010
011100101001000010100100
100100110001101000001110
011100110001111111000110
101110111000001010000001
100101011110000101100010
001110100111111101000000
010000010000011000010110
011001010010100111110110
000110100101100110101110
111110110101000010101100
110100100001110010010000
111101101001011010100011
111101010001110010001000
000101101111000101110110
001111000000101010100000
011111111101001101001110
010100111111000100101110
110001111000111110100001
010101001110111100111111
000001110011100010010111
100000011110011111100001
010000011100101100100000
010110011100000100010100
101110011001111101100010
111100110010011000111101
011000110011000010110111
100101111011000011001011
111111110001001001101010
101110101000100001000101
100111000101100100111101
111100110100001100111001
100010000010100010010111
101110111101001101011111
111111011100110100011001
110110000001111000001000
000101110011101101001011
101110110111001111011101
011000111101110001010110
000100010100011010100011
010101001001000101110000
101010101111100010100001
110100000110000101011110
000100111001101000100100
100111110010010111000011
001010110001100000001001
101011100011100010101111
101011011000111001010001
010011110110100111000011
100011101011011011011000
000101010101000001001010
001101000100010100101101
011001110111001100001010
110010100001101110000100
010111000010001100001011
111010001111000111000011
011111110111110000101111
000111011100101001000111
011101011100101111110010
100010011110110111110100
101011100010011101100010
100111000110111100101010
101011111010111011110110
011000001010010000111110
000111010111101111001110
010000011111101111000000
000010110111111111010110
101100100101001110100100
010000101011100101010101
101011000001100011100010
010111001000111100100110
010101001101111010100110
001111111100000111100101
001110001010000101100100
000001011110011011101010
011010011000011011000100
110001111110100010001111
100111000101100101001010
110110101011110000011010
100111100010100011001000
000110110001111001000100
110111000010000101100011
000100110011101110101000
000111101000111011010110
001110001000101000111110
000011101010011010000111
111100110001001101001111
110110000111010001011010
100011110110110010011010
111100011010110011011000
101110001000101110100101
001110011000100111010011
001111100010110101011010
110000101100111100011000
100000010000000101111110
010010010010001101110010
011111001010110011000011
000110111100011010100101
110111000000001100011011
011101101101111000001100
010111111000101110000010
111011110110010100000011
101001110011110100011101
001001101011111111100000
101010010001011100001101
110100011100110011101000
101001100001101001010011
101010010100001011001101
110000001000100101101110
111110111000011001000010
111011011001011100111000
011001010001110001100001
110010011001111000010101
110011001101001101001010
000100001001011110001011
010001000111101000101110
011010000000101110110100
110111011011011010111111
110011100101000011110001
000110101001010001001001
111111010011110100110111
101111101001001100011101
010111110101011001000011
000010000000010100001000
001110110100110110001001
111001111010001101010101
001110001101010101101011
001101000010110100000000
110011000010000001000010
100101001010000011100010
000111101000000011001111
111101111110011011101111
011100111110110101001110
110101011101001000000110
001100011000111100100011
111101101111110100101110
110000001101111110001010
111110100010010100010001
000111001010001100000100
111100101110001001000000
100101100000101111110000
011110010000110101111001
101100101101101110101110
100101101111011010001110
000010110000010000011011
101010011001001001010010
100000010011100011100000
000010111100001001100110
001000010111001011010100
111001001010001011100101
000100010100011010010010
100101010101000000111011
000000000011110000111110
100101100000100011111110
110000001000001010101011
101011000100101110010111
100010000101111011100111
011000000110000110111010
100011101100100010101001
111101111011001111101011
000110110111101100101101
110110111001001110101111
111100100011111110000011
010010111101010101111111
010100000101001011100111
110011011001000001110110
101111110011000111010011
111000111010101101111110
101010100000111111100011
010000000100111011001100
100011111000000011111101
100101110110000111011011
011100001001111000010101
000101010110101101011001
010110111010010001111100
111000010101101100110100
110111000100000100001000
110010101100010110101000
100101011110101110000001
001001010100010110100001
011011101110010111110000
000010110101110111000001
001010111000001101101010
011011001101010000011010
000100110001110101000110
011010011010110100011011
011011010111001110001111
110010011010011110110100
011100001101000101010111
010100001000011101111111
000001100111001110001101
010100011101000000111110
001100100101010111100010
010111111101111100010110
000100010101010101101111
001011011010110101001111
100001110110000010000101
010000100110100110001010
101011001110100001010101
000011110101010001000000
000010000011110010011001
110011011101001110100011
001100110011011111001011
011100111011101011010000
000010110111011010110110
110000100101001110000100
100001010110011000000000
010000011110011001110010
100000100000001110011101
110000111111011101100010
000011001101000001000101
101000110111011100011110
111100100011000000101010
101001000100111111101011
011000000010100110011101
000011001101010001100011
000101011010010100010011
000001111110001001110010
010111000000111001111110
000000011101011010000001
001111000111110000111000
010110111000010001000100
100111010100000101101011
111011101110100111111011
110010001110011011001100
010111100101101010010010
100100010010001111110111
000111001000010011111001
110110000010011001000000
110001010000100101101000
000100011111010000010100
101000011101011010110000
101000101000110110010101
011011110101111000110111
110101011110110000110101
101100101001011100101001
100100100101001010110110
011010010110101001110110
011101001111101000100000
110110111111110001101011
100110001001100101100100
011001001011111011001011
