000001101010000001010011
111001110011111111110001
111110001011010100000010
111111011000000000010111
000001101100100000010111
000100111110110100001011
110110001001011000100110
111101011110011001011001
000010001000101111000110
111100101010010100011000
110011011111010111000001
111011001100100101110001
110111111100101100111000
111101100101110110101010
111110101101101101110001
110110000101101100110011
111001010001110101000101
000000101001101000001000
111001000110101001100100
000110101100101111010110
111111101111111001011111
111110100011000100001110
110110011000110101000000
001010001100100111010011
000111011011000010110110
111101110000000000010000
000000110100010110000101
000101101110100101100010
000011100000000111001100
111101101001001000100100
001001001000000101010100
111010001001011000010111
000100011011111001010101
111010100111111011001010
111010000011001001010110
001100001000101010100001
111111100001010010110011
000011110011111000110001
110111001010101101010110
110101111011010111101111
000000011000010110001011
111011100000000001100111
000111000101010100101001
000011111011110100001100
101111100101000101010011
000000101111010100110001
111001101000101011010100
000100000110110010001001
000110000001000001110001
000110110100000001000101
000011010101011101100111
000011001010010010100010
000101000110101011001111
111011011011110111110101
000001101100000111001110
000000011000100011010011
111111011001101101000000
111010010111011111011011
000111000101101011000001
111101101110101010110010
000010000100001110101101
000010010110011010110001
000000001101001101001010
000010110110101101110000
111100110111101000010001
111101001101010011110000
111100100011111100001100
111011010111000010001100
000000111100111111111101
111111010111100111001001
111101111000110101011100
110111010010010011011011
111110010010001010111001
110011110111000111011000
111010010010011001010011
000000000100000110101101
111010101011001000011100
110110111011001101000110
111001111000000110111101
111101000000110000110000
000000001100110011000011
000100110111101010110001
001100001101001010010110
000001100111010000011000
110011100011110000010101
001001111001011011011011
111110000101011100101000
000001100111111111000100
111000111011101000011001
000110100011100011110010
111101100001111100100101
001010001010000100011100
111011110010011010110001
110111101001011011000010
111001111100110001001100
000100010100110001100000
111110000100011101110101
000101011101100011010100
000001010001011101100010
111000101011010011011010
111000001011111001011100
001000101010000110101110
000100001100111100000110
000110111001000111110110
111011000100000101010100
111011000011010111000000
001100000100110101000001
111100111100011111011101
000010110101111011111011
000011000010010111010101
001100011101011111001110
000100011111011110111000
111011000100101010111010
000111110101011111001000
000000010001000011101011
000000111100100010010010
000110111100000011011100
111001101100101110111111
111011100111001011011010
000100011011101011110100
110111011110010010010100
111011010100001110001010
001000010110111011001010
111111110000111000000001
000000100100000110111110
111001100100000111100001
000011001110011000010000
111110001001110011110101
110010110111111001011100
000000100100001000000110
111101100101101000100110
000111001110001010101010
000110001110110110101101
111100000000000001011000
000001111001011110001111
111100001000100011001100
111100001011100011110010
111111000110111011100011
000001000100011101111100
111001110101011100110011
000011110010011110110011
000011000011000101010100
111110110111000101001100
110110101010111011100111
111110001011111000000000
110110010110111101110000
000001100100110100100000
111111011110010001110011
110100110001110011001101
111111100100011001000001
000000011000100000110001
000010110111100101111011
000011010101000001100001
111111111010111010110101
000110011100011100100111
111001110010010000100101
110111101001011001101000
001000100010100001011011
110100110001100101100110
111011110101000110011011
000101010000010001101111
110111000011000010101110
000101010110111111110011
000011101011001010010101
111001001011110100100111
001000101110011100110011
111110101000001011010100
111011001010100000101111
111111101100010011000011
111100011010110011100001
000110111110111010101000
111110101111110011001000
001001010110110011111011
111101101111001110111000
111111111101101000011010
000011111100111011011010
000111110101110001000000
000000100110111101010100
000111100011110011101000
000101000110000100111010
000110011001000111100110
110111101111111001101010
111011100011010001011110
111111000001111101010110
000100010000001100011111
111110110010100100001001
111110011000001101000110
000011111010001011000100
111101010011001110110010
000110001110110101100001
001011110000101101110100
001100100110000110000111
000000101011000101010101
000110011110111101111111
111111010001001111000011
111101000010011010111111
111110100100110001011110
000101100011010000110100
111110000011010001100110
001001011000110101001110
111110101011101101011101
110111010110100101010011
000000111100100001000100
111010101101010100011000
111101010011110101010011
000001000101000100000111
000010000001001110111000
001100100010001010111001
111101101000110001011011
000000001001110001000101
111001101011100010011011
001010001000100011001011
110100000100001100010100
111110100001111100000100
111110001110010101100100
000111100011000001000111
111010100111100100000010
111100111110101010101110
111011011101101011011100
001010110101011111010001
110110111000110101111001
111010101010011100100100
001000000001011101100010
111100111000100110111110
111110110101011001010100
111011110000011101101001
000100001110010010101100
000011011011001010111100
001001110001101000110000
111011000001100111001010
111111011011001101000001
001000000000000001001010
111011111101110100010111
000011011101001100100011
111100010110111001100101
110111100110001000100100
111000010000111110100100
000011101100011111100100
111000111111000000010000
000101011110110011101111
001001100010011110000110
111010111000101101010001
111101000110010101011001
110110110100110100010100
000010101001100010110001
000100000101100011010010
110111100110110000000010
111100111100001010000111
000011010110111010011001
111011111101100000001110
111101100101100010010001
000000100010110010101101
001000001011010001000100
110110001001010000111100
000110011111101010110101
110101100111110001111101
110011011110111101001100
000001010000001101101000
000101110100011000100101
001100101100000110011101
111111000010100001110001
000000100000001101111110
111011100000000010011011
111101000110000001010000
111000111101000110111000
111001101101010001111111
111001011100000111001011
000000001010110001001010
111111111111000011010011
000111111010001101010011
000101100101010110001010
000000001011101001000001
000101001111001111111111
111001110100010001000100
111101100010111011111110
000000011010011110100110
111101101010000110001110
111110000001001000111011
000010011100110010011000
000111001011101100100100
111110101110010110001101
000101100101111011101101
111011000000000110001111
000010010111100100000000
111010010011101100010001
110111111010001101100110
111111111101111100101000
000010111100010111011110
000001110010100010000010
000010110111000010001011
111010111111001111111110
110111010111101001011111
000011111100101101011110
000010001100011101011111
000101000100011011011000
000001111100000110111100
111010110000001101010100
000111110111001110111000
000010101011011111010000
111110011110001001010010
111100110110001010110011
111110010000001011111100
001001110111111010010110
110111100101110111111100
111111011101100010001111
000011111001110110011110
111011000011100010001101
000010010011010011110010
000111000110010100011001
000101111011100010000001
000100101110110000010010
000000110000101111101100
111011101011101111110110
000010011100001011001111
111111100111101100011100
111011000011000001001110
000111001011011010000001
000001011010001010000000
111000001000011110001011
000111100100110101011110
000010111011011110110010
111111000101100101010000
000101001111101000111000
111000111001011101101100
111111111001100100100100
000001011101101110001100
111101011101110100001100
111000101111001010010000
111011110101111001001011
000100000010010001001010
111001000101110110000101
111100100111101010110111
001111111100011000100011
000101110010101110001001
110101001100100001010100
001010101011011010000101
110011011100011110001110
111010100001101110111000
111011111000110010010110
111011000100011111111011
111000101010000110111011
001000000010011100100010
000101010100111111000100
111110000101110001001100
111011000110011001100010
000111110011010001011110
000000011001111110001011
111000011100000100001111
000000010001011111110000
111001110000001010110110
000011010011010100111110
110100111111101110010101
000100010101010000001011
111110101011001110000001
000000001000000110000000
001000110101111010001100
110111011101110000110100
111111011010100101111101
111110001000101000110011
000100011111101100000111
000100010001001100110100
111001110011011110111110
000100100001001000100001
111011100010111001101101
101111111100000010000010
110100010110101101011100
111101100101110011100011
111011000101110010010000
111111000101000100001001
001000101001101101001110
000010001001000000111110
000010111101100111011100
111001101100101011111101
111010101011100010000011
000000011011000101101101
111001010010000001111011
111110111111001110111010
111101101100111010100001
110110111011010011011100
111111011010100100001010
111011010111101001000001
111010100001101100000100
111000001101001001000001
111111101011001000111001
000000101010110111110111
111011000101100001010111
111000011101110001000010
111110111011010000110110
000001000101101011000110
000011010001011010111100
110111000110000100010111
110111111000001111101110
111111010110100101101100
111100110111010110000000
000100000000100011101101
000001111101001001100000
000000001001011101111100
111101110111100001010101
110111110010101100111010
111110000100100010010101
111011110110011011010111
110111100001001110000100
001000110010001010000000
000000010000000010001010
111110011000011100011110
111101100001011100001111
000111000000001100100111
111111010110011101011110
001010111000100110000011
000001100000001111100101
000100110101010100011100
000011000000001110000100
001000111001001010011101
110100011101100000111011
111000101110100000011101
000010100110010101111101
000000110111111001101011
111001010110100111111001
111100110010100110010111
110000000111001111100010
000001001111110011011101
111100000010111101010001
000100011000110000110000
000011111000101010111000
111010010100001110110111
000001000001111101001101
110011000100001110100010
001000101110010111001111
000100101011001100100101
000010001001010100110001
000011111011010010011100
001000010100110110100110
000101101100110011011110
001101011000111011110000
111010011010101010100110
111011000100011010110011
110110111000100111011011
000101010100100000010010
111111000010111001011010
000111000011000000010101
000101001110100110010111
110111110110000010100001
111000100011011010101011
111010011110001000101000
111101011010000001011111
110111100010001111111111
000000011001001101000011
000011010011100111011011
111101000110100001111101
000010111110010000010100
000010110010101000001011
001010101111101101010110
000101010001000110000111
000000111110101110110000
000000000110100110100100
110101100000111110100010
111001111010011111001000
111100111111101010101001
111110100011000000111101
001000010111110101100101
111000011100100110101000
111011000010010101101011
000111001001001110011110
000000001001101001100011
000111110001000100011000
000011001111011100010000
000101101001001010100100
000110001110011001110001
111110011011101100110011
111010101010011011100111
111110111011010111010111
000101001010100101000011
000110001001010010111110
000100100101001001010011
001011001001101011001111
111010111110100001101001
000011010100110011111111
111011111011100101110100
000100100110100110010111
000110001000000000000111
000010010110100001110111
000100101101111001110001
111101111001111010101011
110110011110000000000011
000001101100101111110001
111110001000001011011100
111110001100000111110110
111011010001010100000101
111111000111001010010001
000000000001011011101110
000101000001010001111000
111101010110010000101010
001000010001010100101010
000001001011101100101101
110111001111100110111100
110100010000110111000110
000011100010001110110001
001011110011010101011110
111111110010110000000011
111101110011110001010101
000010100000101100111101
111011001001011000101001
001001011111100011001100
001010100001011101000100
111011001010000111010100
111110010100011001110010
001000011111100001001001
111100110101000010001001
110101000100010010101011
111010101001010011101100
000000000101010110001111
111100101110111101011101
000010110011110110000111
110001000001111111101111
000100100011011110000111
000011011010000011011100
110111111110110101110101
111111110001101000001011
111111010110100010100011
111110101001010000111100
000001010001111000011110
001011010011101100010010
000001000101011000110010
111100010110111011110010
000100001011100011111010
110101110100110110110101
110100000010001000000100
000101111001001110010110
110111100101010110111000
110111000110010000011111
111100001110010000111111
000010101101011110011101
111100100110011110111011
111001000101001100111110
000010000111010010000011
111100111111010100101111
000101111001001100000110
000001111001011010000010
111001110000111100101001
000100101101100100110111
001011111010110011010010
000001110011011110000010
000110101000111101111110
000001110001001100001001
111001001010011101100010
110110100110110100100110
000000101011111001010100
111111110000100111111001
111111011100101110101100
001011011000111110011100
000100010000111011010111
000011010110111101011100
000000001111111010110001
111110100101010101110101
000001011001000000101101
101111010011111010100101
111001110011000011101001
111110011001010100101100
000001110000011100010000
001011111001001010111110
110101101101001101101001
001001000101101110111111
001010100110111010000110
111000111001110000100000
110110110111100011001011
000111101101110010011011
001001011011011001011011
111101111110101111111101
000010010111000001111111
000001101110010100111011
111111101101111101010010
000101111011000011011100
000000110100101001110000
111011000100111101011000
110110011111100010010001
000101101110101100110101
000000011101010000100101
111100001110011010111110
111010101101100011001010
111010110101001001111100
000000001100100001000010
111000011010101010100111
111000011111010001100110
000111011001011011000001
111001000100100111001110
111011111110011111110111
000100000001101010101110
000111000110001010100110
000001010110100010110110
000110010010101101100011
000111100010110011010000
111100101101000111010011
000100110110101011100101
111001101110110110000011
110101100100010001111110
110110000001100100100001
000100001101110011101000
000101010100110011001011
001000101010011011001101
111101000110000101100111
001001010101100111100111
111100110110101101010000
000010111001110001010000
111111011001100000000000
111010100000000111001011
000000010111110000100100
000010100100111101100010
111111001001010010000001
111111101000111001010100
001000001100011010100001
000100001111101001000110
000110110100000011011101
000001110011010000101010
111110011000010010010001
000001101111110101011111
110111100011111110000010
111101111110111110010001
000111000100000000011101
001000110011110011110110
000000011110100111011011
000010101001000000101000
010010110110001110011001
000110001011100100000100
111100010011001011011100
000011001010100011100111
110111110111111001001101
000001110011011011110010
000011110011100111010101
001010000110011011010101
000010000101101001000101
000010011100101110001100
000011000010011111011000
111000101010001101011011
111010110101000101101011
110010111010000101000001
000101011000100000100100
000101111000100101010011
111001010111001111110110
111111100110110110100001
111011011001000111100010
000000100010110011111111
000011111010101100111000
111001010000101000111100
001001100011011101100111
000000100101001111110011
111001000101000001011000
000010000000000000110101
000110101101000101010110
000001000100100100100010
110110001111100110001011
111111110000010101110111
001011010001000010100100
110010110010100111111010
111001110110011000010010
111010011000010011111000
111110100001000001111110
000101100101010101001101
111110011010110110000000
111010111010110001101111
000001001100000001101000
111111000100110100101101
000001101001111010110110
000001000010110100011111
000110101010100110000011
111101111101010010000100
111111010110011010001110
000100011101110010010011
111000101011110100001100
111010100100100100001010
111010010010011010011100
111110011101001011111101
111100100000001001011011
111111011110000000110011
000001100011100110000111
111110100000110000010110
010000001110100011000100
111100100111001001101001
111100011010110111101000
110101011011001011111000
000100101000011111011001
111010100100110010111111
000001000011110000001100
001110010100100001001110
111010011000000101001101
110101101001111010110011
110101101111001110011100
111011000111111011101100
111011010010011010110001
111101101011101101111111
000100011011101110010001
111011100000010111111010
001010001011111100010000
111011101010001001111111
110011011001011011111101
001100100100100010111100
110100110101100111001101
111000011110110110010010
000001101001110101011110
000010101100111010101111
111110011001010111011100
111011000111010001010010
111011111000000110010100
111101110111000100111001
000011000001111000110010
110100010010110110111100
111111101110111001111011
000100110100011111101110
111001011001001001001000
000011111001011110101110
110110100110000101111000
110101101100001100000010
111011100011010001010010
111001000010010010100111
000111110010010101001100
000110010000011101011110
111100110100011110111000
111111000100011110101110
000101111001100111001001
000000001000011000011001
111100101100101100111011
000011111011101001101011
000000100010011111010011
001100110010101100010110
000010110110001001101000
001011110111000000100111
000100010100110101111100
111111000101011111000001
110101011110000111101011
111100000010100000111011
111011100000000010010100
000110101111101100101100
001101010011000110001011
000101100111000010100011
000000100010011001111010
000101110000110001011111
111111101101110101101010
000010101111011110010110
111011011101100100001111
110111011011101001101011
111010001110111101111100
111110001111111101100010
000000100100011111001111
001011010100100111010111
110111010110111001010110
111000110010001010010010
111000111100010010100011
111100111111011100111110
000011001000000011100000
000110000000000001001001
000100000001011111010111
111101110110011111011110
110111100110001110111000
001110001001000001100100
000101101000101110101111
110111001111100110110010
111110111010000001111000
000100011101101101110101
000010111000110010100010
111100010101110111101111
111011111001101111110101
000110001100100101010101
000000110001111000000101
000001010011011010010111
000010110000011111101111
001001100011001101111010
000100101101100110011000
111110011001000000001110
000100001100100111111110
000111100110001101010110
111111010111010110010110
111100000111110111100110
111010101001011111000011
111001010101100011011110
111011111011000110111001
000011001101010101000111
111000110110000111010110
111101111010110010000001
000010001100011001001000
000001101010111001101101
111110110010110000000001
110110110010000111110011
111111100101011010010011
000011111100000011001111
000100100000100001001110
001000101100010001110000
000101110011110000001101
000010001110101110010110
111101011110111101101110
111101001111011111001011
111100011001000000111100
111110111001101010111001
111011000010011110011000
111010011101100001101111
000111101100100100000000
111000101111111000000100
000110001011011011100110
000000101010011110000001
111101001010000001100001
000101101101101101011110
000000000000100100111111
000100011100100001010000
111001000010100000011110
111010010010100110101101
110101111010110000101100
010010000000110101111000
111110100001000001010111
000111111101001000011101
000011111010111110000010
111110100000000111010010
111011110111001000111000
000010100111111100110111
000110100110111110110000
001000100000000000010100
000011110000011000001011
001011111010101100100010
111011001100110100000001
001111001011010000011000
000001110101010011100001
111010001100000110110110
000000110011000010100110
001010010101110110001100
111111101100100000000001
111100111101111000011101
001011001001100011100011
000110011100010111100001
111101100111101001101011
111111010000111000100011
000100110010010000110011
111000011101010101001001
111100100011110111111111
000001100011001111010011
000000100101001000101000
111000011111000101001110
000100111100011001001100
111011001001110100100001
110111110001011111010010
111111000001000111011100
000101111110001101110000
000110011000011100000101
000011010011111110001110
111000001001110011111011
111010110110001110011110
111010100110000001011001
111110000110001010100011
000100110101000101001011
000010101001110111101101
000101110010101100010010
000010101111011001111111
111100000011101000101001
111111000000111101101010
000010111111110111010000
111111111100111111010010
000000111110001010101000
111100011101011101010001
101111010010011100110001
111011010010111101110001
111111010000011010011110
111001100111101000010101
111010101010110000111001
111001010111001111100110
111111111010001101100110
000110111011010101000000
001101111000001001100110
000000100110100100100101
000001110111110011000110
000000001111111010011010
110111111010000010001011
111001110101001110000110
111101000110110100010001
000000000101111000101100
111011010000010111111000
000001001101001110111110
000010110001010100101100
000101000011010000101101
111101100001100010000100
000101011001101000000001
110111111111010001000100
000010100000111001101110
111110111010101011110101
000010110001100111011010
000000110001010100101111
000011100001010111001111
001001101001010100101101
111110010101011000101101
000110000001110001010000
000000000011011001100000
001000001010001000101011
000010010011000110010011
000011000011111010100101
000010110101111010001100
111100010111110001110101
110110011010100100011111
111000110000111011100001
000000110010011111000000
000100111101100010100000
000100011100010000110011
111100011101010111001110
000110001100100111001011
111100000111011011101110
000001100000100111010010
111110011101011000111100
111110110011001100101111
111011100010111001000111
000101000001010000000011
111111101011011110001000
000111000101001000101000
000001000111111001100100
111001011001001011101111
111111010000110100100010
110000101001111001001101
001000001111111111001110
111010001100110111110101
111001100111100001010000
111000001110000101010100
000100001010110110010110
110111110110011010010010
111001100000101010110111
110100110000100010001101
111111010001101010100001
000100110110101000101111
111101010001111101000011
111111100111100011100111
111011001111011101010001
000011010011011100100001
001001101000110101000100
000111001100010011101010
000011011111010001010100
000011111001001100111101
000011110100111110001100
111110010110100101111001
111100110101010010111001
001000010001001000010110
110011110011111011001011
000101111101001111000011
111011000101011000000010
000101011101111001110010
110011000011101110010001
110011111111011000110011
000101000011000110110011
000100101011001000101101
111011100010101010011110
111111110000010011010111
111000100100110110110111
000000010010000101000001
111101000001011101100000
110110101110111010001111
000001010101101111100000
111111100011000010000110
111001111000011101101100
000011011101001111101111
000111111110011101110101
000010010110111100101101
111110001010011101111111
111000111100001001111011
001010000011100110100110
001001001001011011011000
110011110000100001100110
000101101111010100001111
000010100010110011011011
111001001011000000001010
111010111100001010010001
000001110011111110100100
000100101110110010010100
000110001100111011011011
110010110000011110000000
111101011001111001110111
000100101000100100111110
111011100000010101111010
000000001001011000000111
111000011110001100100111
111000100101101000011000
000111010111000100010011
111100110001111101110100
000110101011111101110100
111001000011101110101100
111000110111111101111000
000110010110110101100100
111110101110111010001000
000001100001111101010001
000001110111000111110100
110111110010011110001110
000111101100010000011100
000011001110100000001110
000001000101111001010111
001011001011000111010100
111101100001001010000010
000001100011110000000101
111100100000111101001000
111101001110011101010111
000111001100011110000110
000000111001010100011011
000001010100001000111111
000011101100011111111000
111111011010110111110010
111010110010110000100110
000011110100100000001110
111011111110001101001000
001010011001000101101010
000010011011110111100111
110111001010101100001111
