000110100001110011110001
101101101110110010000100
001011000010110101011000
110100101110100001011011
001000100101011100101111
110110110000011101010110
101001110000111110011110
100101011010000011011011
001111010010000111110111
010101100110000010110011
110111100001001011000111
101000001000011000111001
100100101100010110100110
011001000110100001011011
101111000001110001000011
010001000110011100111010
111111001011000000010001
010010111110001010110001
110011110000000010110110
000000100011001100101110
010011101001111110010100
010000000001010010000101
010111001001101110110011
000011011010010011000001
010010111010111100111010
011100110010101000001111
001111101110111100110101
100011111101111000011110
101100001011101011100010
001111110001011101100011
100110111111011000100111
011110100000101110001001
010001011111100010101010
011111101000101001100001
110100010011100010111100
001110111110010110111011
010100001100010111110011
111010100101100001101111
111100100101011110001110
000100111000000001010101
010000110011111010110011
000111100111001011011001
110100001001010110011010
010011010011010101001001
010000110110001011011011
101111101110100001110111
000000011110100111001000
101001011010001100001111
101000010011001111101111
001010010010000010101001
100100101011111101001000
101100111001100110110101
010110011100101010010010
000110001000011000001101
001011010110010001010101
011101110000011101000011
010011100011000101110000
010000000100010101000110
010011000110011010001011
110001100001110010001111
111010011011001000011011
110001011111111100000100
101101110000000010110010
110010001101110001000010
001011110011110110110010
111011110100110001111001
000011110100110010010001
101100110110001100100100
000111000010001011001010
010010011110011111101111
100011111011100111011001
011111010010111000010011
000111110001110011010111
011110010111000100110001
010110101100110001001010
100010100001001010111110
111100100000101010110100
110100101011111001000101
101001111010101101110000
010111111011111000000101
110110100010010110010001
111001100101100100110100
011010010011111110000100
111001011110111100000000
111110011001010100111000
011001001110010100011100
001100000000000010110000
001010001111010101000111
010001100101010110001101
010011101111110100011110
110100010110011001100100
100000100111000110010011
011010100000101111011011
100110001111011101110111
010111010100001111110000
011101010011001000110101
010111010111000110010000
001011001000010010001011
000011100110000011000011
111100111000101111110110
110101000111011100100001
100101101000001010101000
110101001110001000110011
010110010001001110100100
100101001110010000101001
101000111101000110000011
110010011000101100100000
010100111111100101011111
000011100000011011011100
110100100000001111110100
010001111001100011100001
011000001001111010100000
000100100010000100011100
000011110011101000101001
001101011111000010100000
110101010000011000111100
011100000000101110010000
100111100001001010001001
010010110101000111100001
110101000111010110010001
100111010101010011101100
000011001010110010100110
001001101001011100100111
000111001111010100001100
010000000111101100000100
101010011010000111000011
010001011110010000011000
010001010111110111010010
010110101100101000110110
000010101110111000010110
000110000010011001010010
110000110101110011000000
111111101110100101000000
011111011100110111000100
101000100111001011100001
110101001010011100000010
100000111101111110110000
010011110111001100011001
001110100100010000010101
010011010000111101111000
111001100111000010101101
010100011100000100001111
001100010011001001100011
011010100101001111001110
001001000011101110100101
001010010100100101111011
100000110111001000011101
010111010001010100111101
101100000010101001110011
110000111100000101111111
101011100110000110011000
000010100010101010010000
000001001100010100111100
001100110110110000000101
010010001101100111100110
110000010110100111111110
011010100100010101110100
110100111101110100000001
101011010011001101011110
101110101001100110001101
101000111011100011001111
000100110010001010011001
001001000110011000110001
101111111100000001111101
000101110001100010100110
110111000101010111110000
001110000011011010001110
110101011110100000101110
111110100101111101101100
101110010100110101000001
111011001010011011100001
000111110010110111111101
100101110101110110010100
101001100010111101001111
101001100100011110011101
100101101011100111011110
001011011000111101011110
000011011000100010101110
010011100100111101100100
111001100110011110011110
000100101110111000011101
110001011000101110111101
000110110100001110100011
011010011100000001011101
000100100110001001101110
011111000011100000011010
100001001010000011001110
111101011111100110111101
000000001111111100100011
001101101101001101001001
001100001100101011111011
011111100010000100011000
110001001101000001010010
000011010001010100110100
100011110010000011010100
110000000110001100000100
000010011100011001101111
111111001101100111100110
110011011110110111001110
101001000001001010111100
110101111001001100110110
010101101100101100111110
001000010100010110001111
101111101111101110010111
111110100111111111100101
011111100011110010100101
001110100000000110100100
100001110111011111000000
000011010111111000010001
001000111000001011011010
111000001100111001111100
110000010100110101111011
000011101110101111011110
010000010011010110011101
100110001010111110001101
111010101100101000011111
111111110011000100000000
010110111100001110111111
000110000110001101011001
001000111011011011100100
100011101111001010101000
111111000010111011101011
101000010000000111010100
001011000011100010001100
010001000101101101000011
100111111000000010000111
001101111101011111011000
001011101111000111101000
100010001001111000110100
011011100001001001111100
000010000000010000011100
101101000000111110111010
000100011111100101101101
001100000111011001000010
110000111011011110010000
111011110010001100110110
010010000000100100110010
011011000110000010101000
111001001101111111001101
111000111101100001000010
001010101000010001111010
011101000110001111110111
011010110010011111111101
110111100100111110111000
000100000001101001011000
010011001110011001110101
011001011111100000100001
011011001001111001000011
111010011100000001000000
101101000000100100101100
101100110011010101000100
100000001011010011010111
011110111100100111111010
011010111010010000001011
010001101010111110110000
010010110101100101101100
000011010011100011101100
001101100001111101110011
100100000000011101100101
100011111100100000110101
000110110011101110101100
101111110010111100010100
100000000111100001011000
010001000010010100101010
111011001110100100001010
011111010101010000001101
100100011111110000010001
100111111101111110111110
011101111110101000001001
011000001001000110110100
101111011000100011001100
000001000001001101011100
100101000010101001110010
001000101011011010111010
000111011011111110110011
001011011111000011011000
010101101111000000110011
010001001100100010001001
100011011111110011101010
100101001111110100011011
000010110000001100101100
110100100111011001110000
101111101000111111101001
100001011011011100110000
101010111010111000110110
011100110111000110100011
110101101010000000110111
111111110111010010010001
110111101100010110000001
001010010100011001001000
111101110011011100111010
011001001000100111010010
110000100111000111110101
001011100010011101111011
000001111110110001001010
100010111101010000101011
001011011001111000111000
110011000101111010111011
100110101111011110101000
111101111010111100111110
001011101010101011011100
010001111010110011101001
010100111101111101000010
111011011001011000011100
000000010001101001011100
001000100101110001011101
001110100000100100110111
111010011011011111010011
110110110011011110001000
110100100101000011111010
111101100110001010001000
001010011111111100000110
001001010110000000100011
110110000000100100001100
000101101110000111010001
010110001100000010011101
101011011000110110010011
110010111110101011101010
100010111011101000110111
010011001100101101100001
010010111100110011100111
111001010100110100111001
110100011110011100110011
011111011110110001000001
000011010000100010101011
100000111011101101101100
010110111111001100000011
000110000000001111100100
010111001000001011001011
010001101110110010111100
100110101101101011100110
111001001110101000001010
011110011101101000111100
000000101010111101110110
111001001011101001101111
000011100010010111110110
011110011011011000101100
111100101010100011011000
010111010011010000111001
101001001001011011100001
100110000111111001010001
110110010000010011010010
100100101001111111101010
000010110110000001100100
011101110010010000101101
110001111111101011110100
100101001000001111001000
101001010101001100111111
101010011011110101011100
000010011110000000111110
111110000000110111010111
110000111110101110100100
001011001010111010010010
100111111110001000100110
110000000111001110111000
000101101101001111010100
110110011110000110010001
000001011101010010000010
110101011100110110111111
100001100000011001100110
111001101101010001111010
000000010011001011110000
101000010010110011000101
000111001110101110010000
011101101010010100001011
100101101111001111000101
110011110000010001111011
000001110111101010001111
111100101000100111001011
011100001010000101101001
001110001001101001001011
001111001110010111100100
001000111001111000100111
100010010000101001011111
001001000100000011101001
110100011000111100101000
100110011110000111001110
100101001011101100111111
011001101111001100000000
110000001011001101001001
111111101011001001000110
111000110101101101100000
110000110111110100000100
110000110101101110010101
001100110001010000111011
100011101000010111110100
010010011110100101010100
110010101101010001010100
010101101110010101100010
111111000001000011111110
101110111100010101000000
101110000111010100000000
110100000111010011111101
011111101101010001010100
101100000110101011101111
010110011011100111000111
010110000000101000100101
000001110011111111000000
001010100011010100000010
110111101001111100101110
110100010100001110010110
010011110111000101100011
100110100100010110000101
101101100111011110100010
111100100100100010111001
111000101111010100000100
010001100100111101010010
111110010110011100110110
010010111111101010000010
100001100101110100110001
011111111100011110100101
110010000111011000110001
010001001001000000101101
100010001111100111101111
010111101100111111100001
001111100011000110100100
100110111111101010100001
010111011101101010011000
010100100100111110000000
100000001111100001111111
001010010000011100000100
001000011110001010101011
101101011110001000011101
111011110101100010101010
011011101110000001000010
111101010001000001111011
100111000010101011010110
001011100000110101011100
011110001100001101110010
111011110111010011100011
101111001110101011100000
011000110010111000000010
011100111110100011010000
111001000100001101111111
010000110110100101110111
100110011001110100001111
101110010100111100000111
100110100011101111110111
100001010111101111011001
000001000101010101101001
110000100011100101000010
100010001010110111011110
001111111110101100100111
000010101010110110101000
011000011100011101011100
000011111011011101001110
011101111111110000010100
010000001010001000110110
011100110000010000110101
001111010010001011101001
110000110111011001100000
100101100110010101100100
001011111001011000100010
010011110111101010100000
101001101001101101001110
110100000101011000010111
111111001010110111100101
001101000010000100101010
000110001001100100001010
100011011110100111110101
011110001001111000001001
000100110000101000001110
000100110000111010110011
000100111100000001011111
000110011101010111100100
101000101101000111111000
100010001111000101011110
111010011111000100110110
110001011110000000000010
001100001000110011001101
011111000100111110101110
101111110011010111011001
010001000010111101101000
001010101010101000111000
000010010100110000001001
011001101000100011001000
001010101011101101001110
000010110001101101000100
100101101101101010000101
100001110001110100100010
011101011011010011111011
001110110111010001001001
011001000000001001001010
011001010010111101001110
010010110101100011010111
000010010000010000000111
110101111010011110010011
110001111110000101111110
111110010111011001001110
100000100011001001000110
111011001011111110110101
001101111100110111111011
111010010001100011100011
000110101100010100101101
000101110100010000010001
011110101000010111101110
110001101010011001101111
100010101111010000001000
010111101110001100100011
011000110100100111000101
110111110011100000100111
101001100001110010011010
101010110101100000111110
101010011010111011000011
000110000110000001100001
010110011111100110100101
100010110100101011111010
000101110001000110000100
101111110110111101010101
101101111110111011100011
001110100111101101011111
101011101101111001101110
100110110110000001000100
111100111111111011011011
101100011001011101010011
110111110011100010110101
101011110000101011101111
011000110000001101001111
101101101010011100001111
000010101111001101001010
101010100100111101111000
111100101100000111111111
010100101001011001110011
111110001111100001110101
011000010010011101010110
001010000000101010010010
000011000100001111001000
000001001100000001100111
111011001110010000111101
010011111110011100000101
001001000101110000010011
101011110010110001111110
011111110110100110000101
111111010000011011111001
000000100101110101000001
010000111010000100001010
001011001011000111100110
001110011010110010110111
101110001110011000001110
111000100001000111011011
110110001001111000100111
010101111000001101011000
011110011010101100001101
110010000011110010010010
011110011011111100001001
000110100010011111010111
101011111101101110011111
111101101001110011000010
100111111100100101101011
001100110011000011101001
010000100010011101110101
111110101101000011000001
001011101110000100000100
001101111101001000011001
101101100111100011110100
101000111111001010010101
111110110000111010101000
011111111101100100100101
011000010111101111110011
100010011111011100001000
011100101101100110100100
011001001001001010000000
101101100101101011101111
011110110110000011111110
110000010010100111111110
001000000111100110101010
000001001100110111101100
111111101010110111100111
101111110010000101101100
100100000101001001001111
101010110001111100011101
001010100011010101010100
001101001100000110001010
010110111010101001111101
110001010001001101001101
100001011100000010001100
000011101110000110100001
101100101111000000001011
011010111001010011101101
110001100110110011010100
101110101001110100100101
000001001010010101110101
110000011000110100100111
100001000010001001010001
011110011111101011111000
011001100001011001110001
011101011000111011001100
010110000011001011011001
111000011000011011110001
100101101111000000100110
001110111001010010101110
001011101011110100100101
111011110110011100111001
101001001010100100000001
110011101001111001110100
001011100010100100111010
000000010000001010001011
001111000001001001111110
001001011110010010100111
100100010101110101011111
011111101010010001111110
101011100110000000000101
111101011110000001110100
000011111000110011000000
001001111111110001000001
010011111110110110100010
010001101011111111000101
110010111110110000101010
101011100010010000000101
010101111000011110110101
001001111000101001101111
000110111010000111010001
111110100011101010001100
000111001001000001101111
111000001101011100001101
010111011100100010111100
111110101111001010010001
111101100000010101000001
110011010011011101101111
000011100000000010001110
000100110111001000100010
101001001110100111101110
001110001010001000101101
101100110011100011100101
110001111000111110010010
001100101101101001010000
101100001100101101110001
111011000000001110010110
101101010010101100010101
101000111000000011111000
010100000101001010100000
110101000001010111000101
111110110000011110100100
100100010010011001011111
100101010000000011111001
110100010100010100000010
110100001000100000110011
110101101000110101011110
001001110110111010000101
111010111001001110010001
010101010000001101110111
010111111100110010000101
000011001011100010101100
110101101000100000011011
000010101011111101100011
110000000010111101101100
110111100100000010001011
010110011000011100001010
010111011000000111100000
100100101111100100001011
011100011110101010000111
100000111110101111011000
100101000100101100101001
010000001111101111110011
110111110111010000011101
101101011001110011101001
010101100001010011010000
010110111010101111110010
010001011101000100110111
110110010001110010001000
011101111011010101010001
110100110011100101111011
000100000110100101101011
101110001010110011110010
000101100100101100101001
110100010001001110111011
001101000111011110111010
100100100101111101101110
100101110100111000001000
101011110100101011111010
101100010100110000011110
101010000000111010011111
110001011011100110000110
101011101100011010100110
100010010000100101111100
100100100010101001110010
100001011011111100011001
000111001111111110010001
110001010101110001100100
111110000011110010001011
101011001111110000001100
010011111010001111001110
100001001111001011101010
000000110110010000010100
011010101111000101100010
001111111000101100111010
010001111001011011011111
110111011000111110000111
011101101001000101011100
110110101101111100111000
010111111010001001000111
001111000001111111000100
111011000010000011010010
000000111010010111000111
110101011111100100111110
100111010101001110110000
010010010110100011010010
111110011010111110011101
101001001100010011101000
111111001000100001100010
011010000010110100100101
111100001000100001101111
001010000101010100000001
111101011110011110011001
100111011010110001101111
110110010101111110101110
110011000011111100100001
100000010100101110001101
101010101010010010111101
010111111110010100110011
001111000010111100000001
100100011110010011010101
101001100011001110110011
011100001000101010101001
011000011000010011101100
110100110001110110111110
111101101001011000100000
001101111100001110101100
111011011010111011010110
000010010011001101110111
011100110100010111001100
111111110111111110011110
010100010100100001001100
001111000101100010100000
101010000111111110111110
010010101010011111101110
100000111000000011000001
001110010011011010011010
111111100001000010111100
110101100110000000100010
010000010011101110110000
001101001101110010011010
111100010100101110110111
010100100101001111101101
010100001110011100100001
010100001111000010110111
000000000100010110000000
101010011110100110011010
000101011000001010000101
011010001011110000011011
110010100010010100110111
110110101010110000110010
110101000110110101001111
001110100010000001101001
001100101100011101110110
110001110101110101000101
010111011111110111011011
100101011101011000110000
100100010111110100001111
011101111101111101101100
001000000000010011101110
010001010010101010001011
101001010011100000101001
110100000101100001111010
100000000010101011111010
000011110011100010001100
011011000001000000110100
111100100000000010011100
110110010110100101110011
000000110101011111111011
100101101101101100100101
010000111000011101010000
111000110110110110111110
101001011101100100000000
111000101001001111000001
110001011100001101001111
110011001001101101111001
100000101111001111010001
101111010010011011111000
111101100011111010101100
101001000000111000010000
111000000011010101101010
111100111101111010101101
000001101101111101011111
000011010010100010001000
110101010001011001101000
101101110000011101011011
101001100010110100100000
000011110111101000011100
110101000010000110110111
001001110101011101001110
010010101001100110000101
010011111001011100011000
001011101101010001100011
110010000101011000101000
000001010100100111111000
000011010100001101100100
111110110100101110110010
101001000111010100001101
110101111000010001000101
010111010110101110101111
101111110010101100101010
101011111011110011000011
000001101011101101001110
111000011111001010001111
010110000010010111110001
001101011000000110110000
001011110110010110000100
110011110101000101001001
100000111011001010100100
110100101101010111110010
001111111110001010100100
101110010010001101111001
011101001001001010111101
100000111111101111101110
010011111111100100010010
101100100111011011011101
110000010000000011111111
111100110001110010010101
000101010010100100111011
000101111111110100011101
011101111000110101111011
111110011101111010001110
000111110010111101110000
000111100000000110011100
000111100001100110011111
110111111100000110110100
001100011100111110000000
110011011111111101010111
111000001111100010101011
010000011011010000011110
000000011100110001101001
000111010111001111011010
111001101110111011100011
101100101010111111001011
000000010001010011011111
111110000101100101100010
101000111010010100110111
111101111100000001110110
111110101110000000011000
100010101100101100000010
100101110101111010100011
110100011000001001110000
011111101101000001001100
000111100100110111000101
010000010111101010000000
110001101010111111101100
000010001011001001011100
100001011100100000101111
010100101101000011000010
101111011011000000101100
001001101111000001100011
001000010000000001011010
101010001101111100111010
010000011101000110001001
110101001111001101000101
101111000111110011011111
001101011111010101111000
110100111100100001001001
000000111110000001001000
111011101001111011000011
010011000111110110101010
000010101111100101001011
011010101111011101001000
101000111010011101111110
011001101100100100101001
110001101011101001100100
011100011001010101011110
100100001010011010001000
000011010000110110001000
100000110001101000111101
101000111101100000000011
010110110010010101110101
001000110111111111011010
010101000111001101000001
001100101111010111000000
101000111100100011111110
001010110011111101110100
111101110111100000110000
011011010000101011111001
011000101001100001101100
001101001111101101100100
001001001011011000000110
110000011010110011000101
001101000001101110110000
001111000101000101011111
010000111000011111100110
111001010000111001100000
100011111111000101000100
001100110100010000100111
111001010100011100000000
010101011110100011110011
101111101000010101100111
011101100001001000100110
011010000001111100100010
110100011001100000010000
010001000110101000100111
010000010110001010000100
000110001011011100010000
101001001000100111010000
100011000000001000010001
010111001110110100111001
000101111010101110101001
100101000110001111110111
101111110100001010101110
010110001101001110100101
100100101000000110011110
010100001000100000000010
011000100110001001011111
110111101100100001011010
010011001110001101100101
010011111000100001100001
101011011011010101111011
001100011011110100111011
001010010011010111001101
011111010111010010111101
111000100010111000000110
001110110000001001100011
100100111000000111001100
100100110001101010110011
000010001110111000111001
111000101000010100101001
111000000000111011010000
011110010001000101000100
001101101000110000010100
110110001000110001010010
101111100110011010111011
010000010111001011001100
011000101000011111001110
110110001011100100000011
100100101100101101001001
000011011000001111100001
111010101010110000101000
101110010111011100011101
111110100110110100101000
111111111101001001110111
000110100101100010001101
110010010010101001011100
000010100010000101001101
000001001111111011000010
111110100110101010111110
000101001011100110110010
111001000000110111001110
011010111010100111100000
001011010010011111101100
110010101001110101111110
011101101011000001110000
100001000011001000001001
101110001101100101100010
010101000010011101110010
010001110110000111011001
110011010111111011010100
010111010110011101010001
011011010110010100001110
010000000101111111101011
111100010011101000000100
000010101110100001110001
011000000000011011101101
011110100011101101110001
000110000111010111001110
000101100010010000111110
011000100000110001101100
010010101000101010010100
000000110010011010011001
000011001100011100001011
001000111011011101010111
110101001100010111111011
110101000010110100011011
101001011111111001001000
001110100010011001001111
110111100111111111100100
000110110011111010100101
100000011100000000101101
101000111000111111110100
011101101101111000011110
001110000111000010100011
011010100101010000010010
001110100101011101010100
111111110110100010001110
001000110010011100010110
111111000001011011010111
111010010110000100000100
110001100001100011001100
011000100111111010100110
011001111011110110101011
111101010010110101110000
111010110110001101001011
000011010011010000000001
010010100101011101101100
100011110000100011000100
111101110011110101011000
010001100100100001101101
001101000100100010010111
001011010010010011111000
010001101000111011001110
111101000110100111010001
101110011100101011100011
011011111011001111011000
000111110111000100111001
001110111011101100011110
010101100001110111101001
000110000011001100011110
111001010001000011010011
000111100100010000000000
001011010101101011010001
100001000110111100100011
001111010010101100001100
100011100000000011111101
101111100100010111111111
001110101010010101111100
