001111011010111000000101
110001000111100011001110
101111101000011100000000
101010100101010100001110
000110110110111100111101
000111010111010101011010
011011010111000101001011
011101010100111000000111
010011010100001101001110
000111001101011011110101
011000110110111001111001
000001001101010101010111
111101101001110011011011
101111110000011100011011
010000100000101100101100
000110000100100011101011
100000010011111101010111
001001110011011111111100
011101001001000010010101
111111111010110100111110
000110101100011100100011
001101101010100000101000
100100000001111100111111
101011101011010001100010
011000001100010111001001
010010010001111110100100
011100000100111011111110
110011001101101010100101
010110110111000111100011
010100010101011010000001
010101001001010111010111
111011110111100110110000
000010100110001110111111
011010011110000110000000
000110010000010001011100
100000011100001001001101
110001011011011111111010
101000110011000100000110
001101010110110101010101
100010101010000000110101
111011111100111001110111
001011100010101111011101
000011010011111011101101
101011011000110101111101
100101011110011001001100
101011111101000001001010
110111100110011101011000
011011100101101111100101
001100100101011011100110
101010101001010101110001
010001100000010000100101
111010011100011110100001
001101010110011110110000
110101010000011011110110
000011010001001000101001
011111110001100010001010
001010101100110001110010
011000111001001000111111
110110111011011011001010
111011110001101110011100
001110111010100100011101
011111101001100101110010
111110100000010101101100
110101001110000100000100
000110101111011111011011
010001011110110110101011
111000101011100111000100
101101000011000001100011
111000101111110100010010
100100001010010111101001
111011101010110001111000
001100001001001001101001
000000011010111000010100
001101111000011111100001
110011010001110010001001
001101001011110011111001
011010100100101100000010
001101001010111100101111
101000100001010001100001
001010100101110000000000
111000000010010100000110
000000001010000000001000
111001100010010101101111
011101011101111100010100
100111011001110011001010
000011111010110000001111
111101111001110000011010
101010001011000000010111
000001100111001101011100
110100011101101001111000
010010000000011000001110
100100000001110001110000
000111110101000111100101
001000110001010111110101
100101001100001101010000
010110001010100000001111
010111001010011111010110
010000100011101110111001
011100000000111101011001
001001011100101001001100
011111101111101110011101
001111000111100010100001
100011101011011011110010
100000100110010001110011
010101001011011010111001
110101011100001100010101
110001001101101101010011
100110111011100110011000
101011101000000110000011
111000100100000100000100
010101100100110001101110
010000101111111011100101
011111001011110000010110
001101100000010000100001
110110000100011110011001
000010011001111110100000
001111101000001011000000
011011011110110010101111
101000001101111011010010
101110001001001010011011
110100111111100010010111
110101101001000000000101
010111100000011110110011
001011001111101111001011
100001000101100100000111
000001000111011011100110
000000110010010111001101
111001010110001011010001
011010111011001110100010
011111011110001111000110
000011100000000010001111
000100100010000000001010
101110110110110011011111
010011000101011101001111
101111001110001100101100
000100101100010001111110
000111101001001100010100
111101000010011110000111
010000010010000100110010
000100001101110011011100
010001110010001000101101
001110111111010000010101
011101110010010011101011
010000110101010000000000
000100010001110111000010
000110011000010110011100
000101110101111000010001
011101100010111010010011
111100010000110111010000
001100010100011001100111
101111000110000100100110
010001010100011011100101
101010001111010111001111
100101000010001010111001
110011111000011100100000
110100110000000110111011
101011010100100101010011
101111101111101010101011
011111011110100100100110
000111000111111001110011
111110111010011000100111
101111101000100000110001
011110010101001001000010
001101110010010101111101
001100101100100110110011
101011001100001001000100
111110000110101101100000
010011100001101001011001
100111000001010111101010
010010111000010111011111
010111100011011100010100
100110001110101111011101
100100001101101100110100
100011110110111010101111
111101000111110011011110
011000010010000111000111
110110010000110011011101
111011111100101010101101
101000011001011001001011
001001110100010100100111
000010011001100100000000
001110101010011100100110
101000011101001100001111
011001001110101001001011
111101010011110000000011
100110011100001010110100
111001101010101001100101
010111100100011101100010
011101010001101100111011
100001010111101000100110
011100011110100011011000
011011000000001000111111
000111000110011111111011
111111010111101110111010
111100011101101100110000
111001011001010111101001
101001101110001110101101
010111101100001101101010
111111000101010100100101
010111000010001000111011
001110100110110001000110
000010101110010110111000
001000010111100101010101
110001001110001000101111
000101111000000011111110
010111011100011000101100
011011001111000010000011
011100110111110010010011
100100010001001110001011
011100100011011000011001
111111110010001101011100
100100010110101000111110
101001110101010100010000
110010111100101101110011
101010110011001100100001
001111000011010110110111
011000010011001111010100
010110011111011011100010
001011000000101000011110
010011000110101000111111
100110011011100100010011
000001011100110110011011
100011110000011000110001
010100000100101100011100
110110000111111011010101
010101000011010001011110
001110011001011100110011
110101100101100011100011
101101100010001010000001
110101101111111111000011
111101011001010000100110
000001110101101111111100
111001101011010101101101
010000000111110111111001
100001101110010101111000
110111111110100100000111
101011111100101001011000
110111110011101000110101
110101001011001001110000
100001001011110100110010
001011110110101101001000
001011000001111001010111
010101010100000111011111
111011111011011100100010
001000101011111111110010
001010100100010011111100
110110110001001111101001
110100011000101110000001
001100001001010011111000
100001101011110010000011
011100001001111010101000
001000000110010100011111
101000101001011000000001
011100000100001001100000
111101111100010110001100
011011101110011001111101
011110010010011010110101
110010001100101111101100
000010011110111101011111
100000110011100000100101
101010000011101100001110
110110100000010110000110
010001011110101110100010
110100011111100010101111
000011011011000011000000
111000010100111110110010
010000000000110110111110
011111000010110111000101
111100100111011000111110
100100110001101011001001
100110011011011001001111
110101100001001011100001
110010101100111000110010
011010101011111011100000
000000010011100000011001
000101000100100000000101
100011010011101100101001
110001000100101011010110
010010000110101010011110
000010011011110000101110
011100001001010001000010
000010011010000011001001
111010011011011100001000
011101101100111010001111
000110010110000000110101
011100001111011011001101
010000101101000101011110
100111000110000111111110
110010001111111001110011
101101100110110010111110
111010100010111000100011
000000000110110110000110
010101110101100100011111
010001111001010001000110
000101010110101001011110
000001001101110000001001
110011001001000010000111
001100001010110111000110
001000001011111010100110
010001101100001011101011
010111100011010011011000
100001101100010100110001
000111011001001001111100
101100101100001101000010
010111010110000100101010
011011011001111001111100
010110001110010110110111
100010011110111100110101
000001101111011111100001
110111010010001101111110
100100011111001111100101
101111111000110111001111
100011110001111011011000
101110110011100101000111
011011110111100011111100
010011101000010011110101
100010011011111011011001
011101111101100001100011
011011100001011110001101
100010111100000110010110
110101000101101101101110
001101110110110111101001
100010000000110110100001
101111100010101011110101
110011100111100100011111
010101011000000011110100
000001011001011010010000
100111011001000001110011
101000111010100101010011
111001111001000000000010
101010001100100011001000
011100011100011110101111
101000010011110100101010
101110100100111110110001
100001101101100011010110
011001000000101011000010
001110001000110011101001
101101000011110001111010
110101110011000010100110
000110001010011001110100
000111001100101111011001
100100001101010011010100
101011010011001111101001
101011000110011100110000
010110110100000111101101
000101000101110010100010
101100111010101100101111
001011001110100011011011
100110010111011011000111
100000010000110101111111
000011111100101110101111
110110110100000110101000
111011101001011000100000
110001100010100110100110
000000010111110010001100
110000110101000101010100
100000010111110110110001
011011001100110101101111
111111101001011100010110
101110001001011110001110
011000101001001011010000
100111101100111001000000
000010000011000010101100
101010111001101010000000
011101110011000011001000
011100011111001111000101
111111011101110110100110
101010101101000101111010
001101011111110011000101
010000011011101110111001
111110101101100011011001
010101100010010101100111
010101100100101011011111
000100100000000011011000
010010000111100000111000
111110011100101010010111
010001110001010011111110
011001010101111111110011
011101001101011111111101
101000011001110011111101
001000000101110010110100
001111111110010011111011
101100001101110101110000
111100011001101000001001
110010101100000001011101
111011111001111100011001
001011100001000011111001
110000001100010001001100
010111110100010010101111
000010010100010010011111
011010011001001000111010
111101110100011000101111
110111111000010111000111
001100011000100001111101
010000011100010101000111
011010001001000001010111
100011111111001011110011
010010001001000010100011
101010101111100110000111
010101010011010110011011
101000010010010001001010
111111011111011011011001
010101101110000011110011
000101000001110100011111
110001101000111110110110
110111001100001010000000
000010001100101010011100
011100000010111001010100
110010001000011100101001
001000111100101001101111
100010011010100101111011
010000011101011110111000
101011111111100110100001
000000100111011100001101
000101111000111110101111
101111010011001101010011
111111000101111001101111
011010111010110110111111
110111001100111011111001
100100000100010000100000
000110110100010001111110
101011001001000111111110
001000011001101001111000
110110110101100001101011
001100001110101000010110
100011100001011010010010
110100111010111001000101
000111001110000110000110
011110111001101001010010
111101000110010010110000
110000001101101000011000
100010011000011101100111
000100001001010011000100
100010111011001110011100
011100000001001011001111
111101000011010000011011
010111101010001000000000
011011010101001001111001
001011100111100000111000
110110110111010001001100
010011010011100010010101
000100111000010110101001
001011100010010111000101
000101010001100111110011
011010001011100001000110
011001011111101101011010
111101001101001001011110
101011101010001010010100
110100111110110110110000
100001100001011100001111
100000011101010111101110
010011011011010001000011
101111100001011110101111
010010101110010111000110
010011001000101100111111
101101000111110011010000
111111011110000010010101
010110011001110010101011
001000000010110001110000
101101101111101111110111
011110010000011110101111
000010010111000101001111
010101011010101100000010
010100001100100000100000
000011100000100100111001
111011011011010000000100
110010101101010010001010
010011010111101010101111
011111010001111110101100
000000100010010110011001
101100001101100000111010
000010101000100110000101
101111111010101001111000
111001000011110001011000
101101001110001110000100
010010010010100001110010
111110010010000111010110
111110010001010110011011
001101111101101101101111
101000001100010011101110
011100110110011111001100
001111000001111001111000
000111100101111100010000
000011111100011011111011
101110100100111010100111
011000101001001111010111
000000111001011110011000
111010110010110000010000
010001100111101001011011
001100100111110010011010
011111011000001010110000
000101111100100011111100
101010000000010110000100
101000010111101101111001
101010111001110010000100
100100001110011010101010
111000000001001001000000
001110011111001010101000
111000111001110001001100
100010010011100001011000
100000010111001010001110
001001111111101000110000
010000001010111000111001
100100010100111100100111
110101101101101001111010
111111110101010100010011
110011111101001110110001
001011000000100101101010
010011101111001010111111
001011010100100110100111
011011100100001111100000
001000111001000000011011
000100101010101001011110
011111011001110100001000
100011011111011100011001
100101011100011010001011
011101100001010010000110
111001111100101001011101
001011110110111010000001
111001111111001001001001
011111101011011111000101
010101101000000000011010
101111101111100101011010
111010101001111000110111
110111101011011011010000
010010101011001101111011
100010000011100001000110
010010111110010111011110
100010001011011111100101
100001001011101000100100
111100101000110000100011
010101100110011101110010
010010111100011010001011
011011111101011010100101
101100111000100100110011
010111001101100010100011
110000010111110001101000
100011110100011101001000
011101111111101101101001
100100001100010011111000
101110101100001100110100
100010000111011111010011
101000001011100011110010
001011100001011011000010
100001110011111001101101
010110100001011001011101
110010000011111110110001
111011000000011110001001
001001110011111110000011
011010111110110110101001
110010101101011101111010
011101111000000001000100
010001111000011110110110
100101100001100010111000
101011011100101111011001
101100001011011110111111
100110010110001111010101
011010001110111100111011
100011000110010110010000
011010001111011101010000
100111110011111000101101
110110101000100110101110
101110110101010101100000
000011111000101110100100
000100101100010001100001
110011011000001001000010
010001100000000010111001
100000111000110010100010
110001000110010010110000
011011101001110010100010
010101101001101100110100
100001011101101110101011
011101110011001000000010
111001011101110110011010
000000111110011000001010
001110110100110111000001
000011011010000010000110
011110111011010111000110
000010001100101101100100
001001000010110011110110
110101100010110100010110
011110110111101000111011
011000101101001011110010
100110110101000101010010
000111101100110100110111
010111110000001000000111
000101101011110101110010
010000111111110110110110
001111110110111100000101
101000000101001000000010
001000110000000101100011
011001110101000000110010
110101010111000100001000
111111011010101011010110
101110011011001011000011
010000111001011000111111
111001111010000001110000
011101011100100110100100
000111001100010111100011
110110101000010001110010
101101010101110111010011
100100111010001110011110
000101011101010110100011
110000111000010110111110
000101010110111001111111
100010010111001010110100
011001011000000111110101
101011001101111010001111
001110001000111110000100
100111100101110001111110
111110100000111011110101
001111100010000101011110
000010001001011011001011
001000101001011000110001
011101010001100001011110
101111100011011110010110
001000001111101110010001
001111110000001110001101
010110100011111101001011
001010111011110101001100
011110000000000110111011
100000001011101111001110
100101000111100010001001
000100010101010100011101
110101100110000000110010
000110110110010001011011
100111111101101011100110
000101001110010010101110
010111100011010101111100
101000010111010110000110
110111010001101110111010
100101101100110001101001
101011101100011111011000
000111001101101000001000
011011010011010111000011
001111001111101100101011
100000010101011111011001
111101000001011001100001
000011011000110010000100
110111000101001101110011
100001100110101100010110
001011000000111111010011
001011010110011110101001
111000001110001110111101
111011110011011110011101
000010000110111101011000
100011010100101100100101
101110110011110111101010
111011010001001100010001
101001001000110101101100
011111001111010110111100
010110010001110001111001
011011011001011000000111
010111110101101000010000
111001010000010011001011
111000001000010000001011
100001101001011011011011
010001100101010110100110
110110100010100101101110
101100101011010001010100
001100000111101011110100
101101100100100001110111
100111001000101010011001
011100010100010110101111
010110101110110000001001
010111001101111100010000
101000000011100101001111
101110101011111111101110
010110000010100111111111
010011101000110000011011
110001101100011011111100
110011111010110101000111
111000010110111101000000
111010110010000101001001
100100001110000011110101
011100100111100001100010
010010100100111001000110
001001101111001011010011
011110011010101111111010
101000010111100001111100
000001000000110111010100
000010000010010110000000
101000011100001000101101
001001001110010111100001
111010000100010101001100
001100010001010010101000
001100011111110100011111
110011010100000000100110
010101010000001100100101
010001010011110010111111
011111001010001101100111
000111001011011101111110
110111011001101001110011
101001101001011011011101
011110011100011110000000
001101001100110110110010
010001000011111011110101
101011010110011110011001
101111011001001010011100
011001111000110010001100
001110111101101000110110
010111111110101010101000
110001001000101001000100
010110100001000100101111
010101000000110111111100
011000010010101000101001
100011011100001010100011
110000000100001110000111
010110101001000010101001
011100111111010000000111
101000011010111111000100
110011010000011001100101
100011010100100111101101
000010111110001110011001
111011111100101101000001
101100100101111110010110
101101000110001100001110
100101110001010000010001
100000010010100001001001
101011111110011101111101
001001101011111011100001
000110001000000101100000
011100010011100111001010
001000111110010001010110
111100101111110100100011
111000000111011101111011
100000100100000000010001
101101110111100010111011
111100010111010100001101
110101101110000011010110
101000111110000001000010
100101101010001000011101
100000001111010010000110
010011000011001111001100
110010110010110110000000
001101100001101100110000
111100011000100100001001
110010111100110001111110
110000110001011010000011
110001100111011001000001
100100101101111000010111
010010101100110100011100
110011001110100010100100
100011001110001011011100
110101100000101000011001
010111001100001111100101
101001101110000001100001
110011110011111001100100
000001111110011100101100
000010100001000100010000
010010110110010000110110
100011111000111001111001
010101111011101000001110
011011100101100010011000
010000100101111011010000
100111100100110010001101
101000000011111100110001
110011001100110011101000
111000000110111010011111
001001111111110111100000
010110001100000001000100
010001110100110001010110
001100101110011010000111
111110101000110111111010
111001000110011000000101
000011001001011110001111
000110000101001111000010
100011110100001101010001
011010110101000101011111
111110111000101001101011
100100101101011001011101
110101111100001000010101
000010100110110001011010
000110101110011100001101
010001101101101101011010
001010010101011011100100
001001111101110011010111
000100111110110000000100
110010011001011000001101
010001101111111001101110
000001011000101001111000
111110000111100110000110
100111111010010001101110
010101111000001110101001
101001111100010100100000
010001000100001001111110
100011000100101011100001
010000110111101010100101
110110011011101011100111
111101011011101011000101
100011000110110011010100
110010110001010111110110
001111101100111100000101
011011010001000000110110
010000001010110111000000
101001010010110010110010
110110001101001111101000
011001001100110011010100
101001000100101100000110
010110011110011101111010
111110100011111110110100
011011010000111001011010
000010101001100111001111
000001110011000110011011
010101111001001001000100
101011011111110101000011
110001101011001100000101
101010000000001111010110
010010001011101101011010
000111010001001111111101
001000011000110010110011
001110110011011010101011
100111100100110010110011
011110010101011010000100
100111111101110100010110
011001101101011010101001
100101000100011011101000
010111111100010110100010
000110101101100000011110
010110001111100100001110
001101110001010111101001
011101011011101011111101
101100011001000101000011
100100110011110010100011
100101011000100110110010
011101100000011111111110
011101110001101000001110
011011101010101000001000
001011111101100100100000
101000110110011100110000
001001011101001011101101
111010000101000101101110
001101000001100011000011
101110011000011010000110
011111101101111110100001
100110011111010001100001
010100010110111111001111
001011111001001101001001
111001010010100111011011
011001000011001011101000
111000011101101111111011
111100100010110000101000
010111110101010010100001
011000101001000101001001
101101010011000110010111
010010111011110001011000
001100010000000110001110
000111101100001111011111
111001111001101110001111
101001010110010001000010
100010111110011101000110
101111101110010100010011
101011000100100001011100
110000101001100001110001
011101001110100010001110
000110111110001001111010
000110111100101010000010
110000000010010111111000
010010001111010111011000
100000101110001110010011
100111111001101111110101
001001001100001011000101
011001101100100000101010
111000101010000011011011
010001000110111011010000
011000110101110001110110
100100110111001001111010
110110100100010011111011
011101101100100001110010
000011111000110001010010
010110010111110001110101
010110100000111001010011
001110010100111111101110
011100100010100010111110
001100100101101000001000
100100010011010011000001
110010100100000100110010
101100100111101010111100
101010000100101000011010
110010111100111000001100
110000011110101000010001
101101110110001010011001
000001101010100110100011
110100100010010111010111
110010001110000011100010
100100111001010011011010
011000101001010101000011
101000110011100101111110
001010101000111101111011
100000000101001100111110
011000111101100010010110
111111111001001001100110
011011111111011111101011
100001000101011101001110
001100101000000001100110
010001110011111111110011
001001110000100101111100
000011010011010010011010
000001000111010000110001
111001111010101110100100
000010100110010111000010
110001100000111000001010
101001111011110100001101
011000011110100100010000
101100000001111011010101
111011111001000011010101
110111001111000100010110
011000011000101011000111
010011010001111000111011
100000011000011000110011
000101101110110010001001
111010000010001011010100
100001111110101111110001
111011101011000010100100
111010011100100001000101
011000101010110011100010
101110100000110001000100
011110011000010010100000
000000101000010101110010
010100100100111100111001
101101000010000101110000
101100010010001001100010
011000111100101101001000
001110111000010101011111
010000001001010000101110
111001110110011000010011
001110001100011011000110
111010101011010111001011
011111001001000100110011
000010011111111101011111
111011000111100000010111
100100100010101110100001
010110000111111111101001
001010000100111111111101
110111100000011110101010
001100110010000001000100
110001100000100100100100
101001010001101101101001
110011100000010000010101
100111001010011010000101
011110111011001101011110
010011111001000110011110
111101111011111101110111
111000010110001010010010
001100010100010011000111
100110101101001010100110
100001110100010011001000
101100101111101000011100
110000110111010011101010
011111001100010100101010
101101001110011001111001
100011011011001110100101
100101100000110101111011
110110111010101101100001
010101011010100000110010
100001110110111010011001
101000011111111111111111
101011111011010100100000
011100110101010011000011
011111110011010000001001
011100110101011001011010
011101011001101111111111
101110100000110010001010
110000101010111001111010
111000100011100001001101
011000000010100011000111
011101011000011110111010
001000010111001110010111
110001110101001111001011
100101111100111111101011
101100111100100010110010
001111100101101100001011
001011101000001101101010
000001111000100010111111
010101100110001011100011
111101110101111101000011
110100101000011100010110
000101100101011001011110
001000111011100100011000
100001000111101000001100
100010010110011110100011
100011100001110101111101
100100000110000100111010
100100100100010110000111
011101101111101110000100
100101010100100110111010
111101001000110000111001
011101001100100100111011
000000100011010111110111
101101011101011011000110
011111111001101010011101
011110000100110000010000
001011000101001101110000
100100111001010111011111
101101100011000110001011
100010111011011011001000
000000010111011000111101
011100110011110110100111
000100111101101100001100
111100000111111110001110
